0.0149015 -999999 -999999 -999999 -999999 -999999 -999999 -999999 -999999 -999999 
0.0129927 -999999 -999999 -999999 -999999 -999999 -999999 -999999 -999999 -999999 
0.0127 -999999 -999999 -999999 -999999 -999999 -999999 -999999 -999999 -999999 
0.0122549 -999999 -999999 -999999 -999999 -999999 -999999 -999999 -999999 -999999 
0.0106513 -999999 -999999 -999999 -999999 -999999 -999999 -999999 -999999 -999999 
0.00962241 -999999 -999999 -999999 -999999 -999999 -999999 -999999 -999999 -999999 
0.00895125 -999999 -999999 -999999 -999999 -999999 -999999 -999999 -999999 -999999 
0.00851369 -999999 -999999 -999999 -999999 -999999 -999999 -999999 -999999 -999999 
0.00806782 -999999 -999999 -999999 -999999 -999999 -999999 -999999 -999999 -999999 
0.00774353 -999999 -999999 -999999 -999999 -999999 -999999 -999999 -999999 -999999 
0.00747032 -999999 -999999 -999999 -999999 -999999 -999999 -999999 -999999 -999999 
0.00722033 -999999 -999999 -999999 -999999 -999999 -999999 -999999 -999999 -999999 
0.00704587 -999999 -999999 -999999 -999999 -999999 -999999 -999999 -999999 -999999 
0.00690703 -999999 -999999 -999999 -999999 -999999 -999999 -999999 -999999 -999999 
0.00675577 -999999 -999999 -999999 -999999 -999999 -999999 -999999 -999999 -999999 
0.00685163 -999999 -999999 -999999 -999999 -999999 -999999 -999999 -999999 -999999 
0.00721352 -999999 -999999 -999999 -999999 -999999 -999999 -999999 -999999 -999999 
0.00706547 -999999 -999999 -999999 -999999 -999999 -999999 -999999 -999999 -999999 
0.00698912 -999999 -999999 -999999 -999999 -999999 -999999 -999999 -999999 -999999 
0.00688657 -999999 -999999 -999999 -999999 -999999 -999999 -999999 -999999 -999999 
0.00678623 -999999 -999999 -999999 -999999 -999999 -999999 -999999 -999999 -999999 
0.00670666 -999999 -999999 -999999 -999999 -999999 -999999 -999999 -999999 -999999 
0.0066306 -999999 -999999 -999999 -999999 -999999 -999999 -999999 -999999 -999999 
0.00654974 -999999 -999999 -999999 -999999 -999999 -999999 -999999 -999999 -999999 
0.00659791 -999999 -999999 -999999 -999999 -999999 -999999 -999999 -999999 -999999 
0.00653256 -999999 -999999 -999999 -999999 -999999 -999999 -999999 -999999 -999999 
0.00646845 -999999 -999999 -999999 -999999 -999999 -999999 -999999 -999999 -999999 
0.00641702 -999999 -999999 -999999 -999999 -999999 -999999 -999999 -999999 -999999 
0.00647152 -999999 -999999 -999999 -999999 -999999 -999999 -999999 -999999 -999999 
0.00643384 -999999 -999999 -999999 -999999 -999999 -999999 -999999 -999999 -999999 
0.00650747 -999999 -999999 -999999 -999999 -999999 -999999 -999999 -999999 -999999 
0.00648867 -999999 -999999 -999999 -999999 -999999 -999999 -999999 -999999 -999999 
0.00644433 -999999 -999999 -999999 -999999 -999999 -999999 -999999 -999999 -999999 
0.00640476 -999999 -999999 -999999 -999999 -999999 -999999 -999999 -999999 -999999 
0.00636373 -999999 -999999 -999999 -999999 -999999 -999999 -999999 -999999 -999999 
0.00632333 -999999 -999999 -999999 -999999 -999999 -999999 -999999 -999999 -999999 
0.00628815 -999999 -999999 -999999 -999999 -999999 -999999 -999999 -999999 -999999 
0.0062544 -999999 -999999 -999999 -999999 -999999 -999999 -999999 -999999 -999999 
0.00622467 -999999 -999999 -999999 -999999 -999999 -999999 -999999 -999999 -999999 
0.00623928 -999999 -999999 -999999 -999999 -999999 -999999 -999999 -999999 -999999 
0.0062106 -999999 -999999 -999999 -999999 -999999 -999999 -999999 -999999 -999999 
0.00618295 -999999 -999999 -999999 -999999 -999999 -999999 -999999 -999999 -999999 
0.00615429 -999999 -999999 -999999 -999999 -999999 -999999 -999999 -999999 -999999 
0.00612676 -999999 -999999 -999999 -999999 -999999 -999999 -999999 -999999 -999999 
0.00610257 -999999 -999999 -999999 -999999 -999999 -999999 -999999 -999999 -999999 
0.00607951 -999999 -999999 -999999 -999999 -999999 -999999 -999999 -999999 -999999 
0.00606051 -999999 -999999 -999999 -999999 -999999 -999999 -999999 -999999 -999999 
0.00603808 -999999 -999999 -999999 -999999 -999999 -999999 -999999 -999999 -999999 
0.00600804 -999999 -999999 -999999 -999999 -999999 -999999 -999999 -999999 -999999 
0.00598858 -999999 -999999 -999999 -999999 -999999 -999999 -999999 -999999 -999999 
0.00596698 -999999 -999999 -999999 -999999 -999999 -999999 -999999 -999999 -999999 
0.00595098 -999999 -999999 -999999 -999999 -999999 -999999 -999999 -999999 -999999 
0.00593269 -999999 -999999 -999999 -999999 -999999 -999999 -999999 -999999 -999999 
0.00591699 -999999 -999999 -999999 -999999 -999999 -999999 -999999 -999999 -999999 
0.0058999 -999999 -999999 -999999 -999999 -999999 -999999 -999999 -999999 -999999 
0.00588532 -999999 -999999 -999999 -999999 -999999 -999999 -999999 -999999 -999999 
0.00587278 -999999 -999999 -999999 -999999 -999999 -999999 -999999 -999999 -999999 
0.00584929 -999999 -999999 -999999 -999999 -999999 -999999 -999999 -999999 -999999 
0.00583576 -999999 -999999 -999999 -999999 -999999 -999999 -999999 -999999 -999999 
0.00582172 -999999 -999999 -999999 -999999 -999999 -999999 -999999 -999999 -999999 
0.00580545 -999999 -999999 -999999 -999999 -999999 -999999 -999999 -999999 -999999 
0.00579444 -999999 -999999 -999999 -999999 -999999 -999999 -999999 -999999 -999999 
0.00577997 -999999 -999999 -999999 -999999 -999999 -999999 -999999 -999999 -999999 
0.00576383 -999999 -999999 -999999 -999999 -999999 -999999 -999999 -999999 -999999 
0.00575262 -999999 -999999 -999999 -999999 -999999 -999999 -999999 -999999 -999999 
0.0057401 -999999 -999999 -999999 -999999 -999999 -999999 -999999 -999999 -999999 
0.00572743 -999999 -999999 -999999 -999999 -999999 -999999 -999999 -999999 -999999 
0.00571713 -999999 -999999 -999999 -999999 -999999 -999999 -999999 -999999 -999999 
0.00570595 -999999 -999999 -999999 -999999 -999999 -999999 -999999 -999999 -999999 
0.00569362 -999999 -999999 -999999 -999999 -999999 -999999 -999999 -999999 -999999 
0.00568304 -999999 -999999 -999999 -999999 -999999 -999999 -999999 -999999 -999999 
0.00567492 -999999 -999999 -999999 -999999 -999999 -999999 -999999 -999999 -999999 
0.0056631 -999999 -999999 -999999 -999999 -999999 -999999 -999999 -999999 -999999 
0.00565357 -999999 -999999 -999999 -999999 -999999 -999999 -999999 -999999 -999999 
0.00564432 -999999 -999999 -999999 -999999 -999999 -999999 -999999 -999999 -999999 
0.00562921 -999999 -999999 -999999 -999999 -999999 -999999 -999999 -999999 -999999 
0.00562198 -999999 -999999 -999999 -999999 -999999 -999999 -999999 -999999 -999999 
0.00561386 -999999 -999999 -999999 -999999 -999999 -999999 -999999 -999999 -999999 
0.00560421 -999999 -999999 -999999 -999999 -999999 -999999 -999999 -999999 -999999 
0.00559535 -999999 -999999 -999999 -999999 -999999 -999999 -999999 -999999 -999999 
0.00558792 -999999 -999999 -999999 -999999 -999999 -999999 -999999 -999999 -999999 
0.00557866 -999999 -999999 -999999 -999999 -999999 -999999 -999999 -999999 -999999 
0.00557184 -999999 -999999 -999999 -999999 -999999 -999999 -999999 -999999 -999999 
0.00556382 -999999 -999999 -999999 -999999 -999999 -999999 -999999 -999999 -999999 
0.00555485 -999999 -999999 -999999 -999999 -999999 -999999 -999999 -999999 -999999 
0.00554868 -999999 -999999 -999999 -999999 -999999 -999999 -999999 -999999 -999999 
0.00554112 -999999 -999999 -999999 -999999 -999999 -999999 -999999 -999999 -999999 
0.00553649 -999999 -999999 -999999 -999999 -999999 -999999 -999999 -999999 -999999 
0.00553028 -999999 -999999 -999999 -999999 -999999 -999999 -999999 -999999 -999999 
0.00552356 -999999 -999999 -999999 -999999 -999999 -999999 -999999 -999999 -999999 
0.00551759 -999999 -999999 -999999 -999999 -999999 -999999 -999999 -999999 -999999 
0.00551517 -999999 -999999 -999999 -999999 -999999 -999999 -999999 -999999 -999999 
0.00550848 -999999 -999999 -999999 -999999 -999999 -999999 -999999 -999999 -999999 
0.00550079 -999999 -999999 -999999 -999999 -999999 -999999 -999999 -999999 -999999 
0.00549599 -999999 -999999 -999999 -999999 -999999 -999999 -999999 -999999 -999999 
0.00549241 -999999 -999999 -999999 -999999 -999999 -999999 -999999 -999999 -999999 
0.00548329 -999999 -999999 -999999 -999999 -999999 -999999 -999999 -999999 -999999 
0.00547828 -999999 -999999 -999999 -999999 -999999 -999999 -999999 -999999 -999999 
0.00547395 -999999 -999999 -999999 -999999 -999999 -999999 -999999 -999999 -999999 
0.00546478 -999999 -999999 -999999 -999999 -999999 -999999 -999999 -999999 -999999 
0.00546031 -999999 -999999 -999999 -999999 -999999 -999999 -999999 -999999 -999999 
0.00545523 -999999 -999999 -999999 -999999 -999999 -999999 -999999 -999999 -999999 
0.00544772 -999999 -999999 -999999 -999999 -999999 -999999 -999999 -999999 -999999 
0.00544283 -999999 -999999 -999999 -999999 -999999 -999999 -999999 -999999 -999999 
0.00543849 -999999 -999999 -999999 -999999 -999999 -999999 -999999 -999999 -999999 
0.00543209 -999999 -999999 -999999 -999999 -999999 -999999 -999999 -999999 -999999 
0.00542754 -999999 -999999 -999999 -999999 -999999 -999999 -999999 -999999 -999999 
0.00542268 -999999 -999999 -999999 -999999 -999999 -999999 -999999 -999999 -999999 
0.00541444 -999999 -999999 -999999 -999999 -999999 -999999 -999999 -999999 -999999 
0.00540958 -999999 -999999 -999999 -999999 -999999 -999999 -999999 -999999 -999999 
0.0054056 -999999 -999999 -999999 -999999 -999999 -999999 -999999 -999999 -999999 
0.00539815 -999999 -999999 -999999 -999999 -999999 -999999 -999999 -999999 -999999 
0.00540094 -999999 -999999 -999999 -999999 -999999 -999999 -999999 -999999 -999999 
0.00539832 -999999 -999999 -999999 -999999 -999999 -999999 -999999 -999999 -999999 
0.00539186 -999999 -999999 -999999 -999999 -999999 -999999 -999999 -999999 -999999 
0.00538877 -999999 -999999 -999999 -999999 -999999 -999999 -999999 -999999 -999999 
0.00538495 -999999 -999999 -999999 -999999 -999999 -999999 -999999 -999999 -999999 
0.0053793 -999999 -999999 -999999 -999999 -999999 -999999 -999999 -999999 -999999 
0.00537606 -999999 -999999 -999999 -999999 -999999 -999999 -999999 -999999 -999999 
0.00537321 -999999 -999999 -999999 -999999 -999999 -999999 -999999 -999999 -999999 
0.00536577 -999999 -999999 -999999 -999999 -999999 -999999 -999999 -999999 -999999 
0.00536287 -999999 -999999 -999999 -999999 -999999 -999999 -999999 -999999 -999999 
0.00535995 -999999 -999999 -999999 -999999 -999999 -999999 -999999 -999999 -999999 
0.00535592 -999999 -999999 -999999 -999999 -999999 -999999 -999999 -999999 -999999 
0.0053528 -999999 -999999 -999999 -999999 -999999 -999999 -999999 -999999 -999999 
0.00534945 -999999 -999999 -999999 -999999 -999999 -999999 -999999 -999999 -999999 
0.00534523 -999999 -999999 -999999 -999999 -999999 -999999 -999999 -999999 -999999 
0.00534314 -999999 -999999 -999999 -999999 -999999 -999999 -999999 -999999 -999999 
0.00534057 -999999 -999999 -999999 -999999 -999999 -999999 -999999 -999999 -999999 
0.00533789 -999999 -999999 -999999 -999999 -999999 -999999 -999999 -999999 -999999 
0.00533621 -999999 -999999 -999999 -999999 -999999 -999999 -999999 -999999 -999999 
0.00533378 -999999 -999999 -999999 -999999 -999999 -999999 -999999 -999999 -999999 
0.00533029 -999999 -999999 -999999 -999999 -999999 -999999 -999999 -999999 -999999 
0.00532697 -999999 -999999 -999999 -999999 -999999 -999999 -999999 -999999 -999999 
0.00532364 -999999 -999999 -999999 -999999 -999999 -999999 -999999 -999999 -999999 
0.0053232 -999999 -999999 -999999 -999999 -999999 -999999 -999999 -999999 -999999 
0.00532179 -999999 -999999 -999999 -999999 -999999 -999999 -999999 -999999 -999999 
0.00531881 -999999 -999999 -999999 -999999 -999999 -999999 -999999 -999999 -999999 
0.00531331 -999999 -999999 -999999 -999999 -999999 -999999 -999999 -999999 -999999 
0.00531082 -999999 -999999 -999999 -999999 -999999 -999999 -999999 -999999 -999999 
0.00530863 -999999 -999999 -999999 -999999 -999999 -999999 -999999 -999999 -999999 
0.00530407 -999999 -999999 -999999 -999999 -999999 -999999 -999999 -999999 -999999 
0.00530302 -999999 -999999 -999999 -999999 -999999 -999999 -999999 -999999 -999999 
0.00530047 -999999 -999999 -999999 -999999 -999999 -999999 -999999 -999999 -999999 
0.00529609 -999999 -999999 -999999 -999999 -999999 -999999 -999999 -999999 -999999 
0.00529397 -999999 -999999 -999999 -999999 -999999 -999999 -999999 -999999 -999999 
0.0052912 -999999 -999999 -999999 -999999 -999999 -999999 -999999 -999999 -999999 
0.0052883 -999999 -999999 -999999 -999999 -999999 -999999 -999999 -999999 -999999 
0.0052868 -999999 -999999 -999999 -999999 -999999 -999999 -999999 -999999 -999999 
0.0052857 -999999 -999999 -999999 -999999 -999999 -999999 -999999 -999999 -999999 
0.00528349 -999999 -999999 -999999 -999999 -999999 -999999 -999999 -999999 -999999 
0.00528156 -999999 -999999 -999999 -999999 -999999 -999999 -999999 -999999 -999999 
0.00527931 -999999 -999999 -999999 -999999 -999999 -999999 -999999 -999999 -999999 
0.00527679 -999999 -999999 -999999 -999999 -999999 -999999 -999999 -999999 -999999 
0.00527511 -999999 -999999 -999999 -999999 -999999 -999999 -999999 -999999 -999999 
0.00527329 -999999 -999999 -999999 -999999 -999999 -999999 -999999 -999999 -999999 
0.00527175 -999999 -999999 -999999 -999999 -999999 -999999 -999999 -999999 -999999 
0.005269 -999999 -999999 -999999 -999999 -999999 -999999 -999999 -999999 -999999 
0.00526912 -999999 -999999 -999999 -999999 -999999 -999999 -999999 -999999 -999999 
0.00526636 -999999 -999999 -999999 -999999 -999999 -999999 -999999 -999999 -999999 
0.0052637 -999999 -999999 -999999 -999999 -999999 -999999 -999999 -999999 -999999 
0.00526154 -999999 -999999 -999999 -999999 -999999 -999999 -999999 -999999 -999999 
0.00525968 -999999 -999999 -999999 -999999 -999999 -999999 -999999 -999999 -999999 
0.00525786 -999999 -999999 -999999 -999999 -999999 -999999 -999999 -999999 -999999 
0.00525527 -999999 -999999 -999999 -999999 -999999 -999999 -999999 -999999 -999999 
0.00525283 -999999 -999999 -999999 -999999 -999999 -999999 -999999 -999999 -999999 
0.00524909 -999999 -999999 -999999 -999999 -999999 -999999 -999999 -999999 -999999 
0.00524653 -999999 -999999 -999999 -999999 -999999 -999999 -999999 -999999 -999999 
0.00524255 -999999 -999999 -999999 -999999 -999999 -999999 -999999 -999999 -999999 
0.00524034 -999999 -999999 -999999 -999999 -999999 -999999 -999999 -999999 -999999 
0.00523758 -999999 -999999 -999999 -999999 -999999 -999999 -999999 -999999 -999999 
0.00523619 -999999 -999999 -999999 -999999 -999999 -999999 -999999 -999999 -999999 
0.00523576 -999999 -999999 -999999 -999999 -999999 -999999 -999999 -999999 -999999 
0.00523357 -999999 -999999 -999999 -999999 -999999 -999999 -999999 -999999 -999999 
0.00523708 -999999 -999999 -999999 -999999 -999999 -999999 -999999 -999999 -999999 
0.00523487 -999999 -999999 -999999 -999999 -999999 -999999 -999999 -999999 -999999 
0.00523391 -999999 -999999 -999999 -999999 -999999 -999999 -999999 -999999 -999999 
0.00523277 -999999 -999999 -999999 -999999 -999999 -999999 -999999 -999999 -999999 
0.00522815 -999999 -999999 -999999 -999999 -999999 -999999 -999999 -999999 -999999 
0.00522725 -999999 -999999 -999999 -999999 -999999 -999999 -999999 -999999 -999999 
0.00522623 -999999 -999999 -999999 -999999 -999999 -999999 -999999 -999999 -999999 
0.00522462 -999999 -999999 -999999 -999999 -999999 -999999 -999999 -999999 -999999 
0.00522522 -999999 -999999 -999999 -999999 -999999 -999999 -999999 -999999 -999999 
0.00527353 -0.999101 0.0313698 0.0285199 0.000659226 0.684111 -0.729378 -0.0423912 -0.728703 -0.683516 
0.00527199 -999999 -999999 -999999 -999999 -999999 -999999 -999999 -999999 -999999 
0.00527295 -999999 -999999 -999999 -999999 -999999 -999999 -999999 -999999 -999999 
0.00527329 -999999 -999999 -999999 -999999 -999999 -999999 -999999 -999999 -999999 
0.00527289 -0.999122 0.0415866 0.00500689 0.0244164 0.67535 -0.737093 -0.0340346 -0.736324 -0.675773 
0.00527553 -0.999058 0.0431962 0.00404527 0.0262087 0.6752 -0.737169 -0.0345743 -0.736369 -0.675696 
0.00527639 -999999 -999999 -999999 -999999 -999999 -999999 -999999 -999999 -999999 
0.00527422 -999999 -999999 -999999 -999999 -999999 -999999 -999999 -999999 -999999 
0.00527474 -999999 -999999 -999999 -999999 -999999 -999999 -999999 -999999 -999999 
0.0052738 -999999 -999999 -999999 -999999 -999999 -999999 -999999 -999999 -999999 
0.00527421 -999999 -999999 -999999 -999999 -999999 -999999 -999999 -999999 -999999 
0.00527512 -999999 -999999 -999999 -999999 -999999 -999999 -999999 -999999 -999999 
0.00527859 -999999 -999999 -999999 -999999 -999999 -999999 -999999 -999999 -999999 
0.00527983 -999999 -999999 -999999 -999999 -999999 -999999 -999999 -999999 -999999 
0.0052841 -0.998703 0.0399253 0.0316012 0.00299728 0.665647 -0.746261 -0.0508299 -0.745198 -0.664903 
0.005284 -999999 -999999 -999999 -999999 -999999 -999999 -999999 -999999 -999999 
0.00528402 -999999 -999999 -999999 -999999 -999999 -999999 -999999 -999999 -999999 
0.00528385 -999999 -999999 -999999 -999999 -999999 -999999 -999999 -999999 -999999 
0.00528256 -999999 -999999 -999999 -999999 -999999 -999999 -999999 -999999 -999999 
0.00528134 -999999 -999999 -999999 -999999 -999999 -999999 -999999 -999999 -999999 
0.00528122 -999999 -999999 -999999 -999999 -999999 -999999 -999999 -999999 -999999 
0.00528007 -999999 -999999 -999999 -999999 -999999 -999999 -999999 -999999 -999999 
0.00527971 -999999 -999999 -999999 -999999 -999999 -999999 -999999 -999999 -999999 
0.00527982 -999999 -999999 -999999 -999999 -999999 -999999 -999999 -999999 -999999 
0.00527871 -999999 -999999 -999999 -999999 -999999 -999999 -999999 -999999 -999999 
0.00527798 -999999 -999999 -999999 -999999 -999999 -999999 -999999 -999999 -999999 
0.00527434 -999999 -999999 -999999 -999999 -999999 -999999 -999999 -999999 -999999 
0.005273 -999999 -999999 -999999 -999999 -999999 -999999 -999999 -999999 -999999 
0.0052715 -999999 -999999 -999999 -999999 -999999 -999999 -999999 -999999 -999999 
0.00527057 -999999 -999999 -999999 -999999 -999999 -999999 -999999 -999999 -999999 
0.00526962 -999999 -999999 -999999 -999999 -999999 -999999 -999999 -999999 -999999 
0.00526843 -999999 -999999 -999999 -999999 -999999 -999999 -999999 -999999 -999999 
0.00526726 -999999 -999999 -999999 -999999 -999999 -999999 -999999 -999999 -999999 
0.00526696 -999999 -999999 -999999 -999999 -999999 -999999 -999999 -999999 -999999 
0.0052676 -999999 -999999 -999999 -999999 -999999 -999999 -999999 -999999 -999999 
0.00526556 -999999 -999999 -999999 -999999 -999999 -999999 -999999 -999999 -999999 
0.00526482 -999999 -999999 -999999 -999999 -999999 -999999 -999999 -999999 -999999 
0.00526389 -999999 -999999 -999999 -999999 -999999 -999999 -999999 -999999 -999999 
0.00526338 -999999 -999999 -999999 -999999 -999999 -999999 -999999 -999999 -999999 
0.00526381 -999999 -999999 -999999 -999999 -999999 -999999 -999999 -999999 -999999 
0.00526278 -999999 -999999 -999999 -999999 -999999 -999999 -999999 -999999 -999999 
0.00525994 -999999 -999999 -999999 -999999 -999999 -999999 -999999 -999999 -999999 
0.00525944 -999999 -999999 -999999 -999999 -999999 -999999 -999999 -999999 -999999 
0.00525827 -999999 -999999 -999999 -999999 -999999 -999999 -999999 -999999 -999999 
0.00526121 -0.997321 0.0730045 -0.00452669 0.0561404 0.724331 -0.687163 -0.0468872 -0.685576 -0.726489 
0.00526382 -0.996301 0.0809048 0.028971 0.0391852 0.72774 -0.684733 -0.0764815 -0.681064 -0.728218 
0.00526394 -999999 -999999 -999999 -999999 -999999 -999999 -999999 -999999 -999999 
0.00526648 -0.997671 0.068197 0.00161757 0.0478172 0.716048 -0.696412 -0.0486515 -0.694712 -0.717641 
0.00526874 -0.998015 0.0598432 0.0196351 0.0304059 0.73082 -0.681893 -0.0551564 -0.679942 -0.731189 
0.0052881 -999999 -999999 -999999 -999999 -999999 -999999 -999999 -999999 -999999 
0.00529947 -999999 -999999 -999999 -999999 -999999 -999999 -999999 -999999 -999999 
0.00529935 -0.998836 0.0475094 0.00832473 0.0280816 0.713126 -0.700473 -0.0392156 -0.699424 -0.713631 
0.00529916 -999999 -999999 -999999 -999999 -999999 -999999 -999999 -999999 -999999 
0.00529733 -999999 -999999 -999999 -999999 -999999 -999999 -999999 -999999 -999999 
0.00529687 -0.998915 0.0463237 -0.00482418 0.0350837 0.680297 -0.732096 -0.0306315 -0.731471 -0.681184 
0.00529949 -0.998897 0.0426491 -0.0196402 0.0440259 0.705329 -0.707511 -0.0163219 -0.707596 -0.706429 
0.00530174 -0.998624 0.0407573 -0.0330027 0.0521023 0.699358 -0.71287 -0.00597389 -0.713608 -0.700519 
0.00529887 -999999 -999999 -999999 -999999 -999999 -999999 -999999 -999999 -999999 
0.00529865 -999999 -999999 -999999 -999999 -999999 -999999 -999999 -999999 -999999 
0.00529773 -999999 -999999 -999999 -999999 -999999 -999999 -999999 -999999 -999999 
0.00529571 -999999 -999999 -999999 -999999 -999999 -999999 -999999 -999999 -999999 
0.00529637 -0.998522 0.0407719 -0.0359272 0.0542592 0.711416 -0.700673 -0.00300859 -0.701587 -0.712577 
0.00529887 -0.998906 0.0425428 -0.0194164 0.0441551 0.721291 -0.691223 -0.0154017 -0.691324 -0.72238 
0.00530669 -999999 -999999 -999999 -999999 -999999 -999999 -999999 -999999 -999999 
0.00530857 -0.998647 0.0505137 0.0123662 0.0300258 0.754191 -0.655968 -0.0424618 -0.654709 -0.754687 
0.00531903 -0.998168 0.0591463 -0.012713 0.0536342 0.767957 -0.638252 -0.0279872 -0.637765 -0.769723 
0.00532997 -0.997244 0.0717306 -0.0189526 0.067908 0.779601 -0.622584 -0.0298828 -0.622155 -0.782323 
0.0053316 -0.995909 0.0849028 -0.0309274 0.0857439 0.779953 -0.619937 -0.0285125 -0.620052 -0.784042 
0.00533253 -0.994894 0.0972341 -0.0270495 0.0935434 0.787757 -0.608842 -0.0378918 -0.608264 -0.79283 
0.00533372 -0.994166 0.102014 -0.0350361 0.102685 0.795688 -0.59694 -0.0330184 -0.597055 -0.801521 
0.00533457 -0.993706 0.104242 -0.0410224 0.108689 0.808476 -0.578405 -0.0271286 -0.579223 -0.814717 
0.00533692 -0.992106 0.108257 -0.0632996 0.125047 0.815882 -0.564535 -0.00947002 -0.567994 -0.822978 
0.00534779 -0.99192 0.109715 -0.0636962 0.126563 0.821152 -0.5565 -0.00875241 -0.560065 -0.828403 
0.00536271 -0.992502 0.109317 -0.0546703 0.121278 0.825216 -0.551644 -0.0151893 -0.554138 -0.832286 
0.00536357 -0.99309 0.107558 -0.0469331 0.115706 0.830719 -0.544535 -0.0195807 -0.546203 -0.837424 
0.00536456 -0.993095 0.109092 -0.0431505 0.115178 0.83675 -0.535334 -0.0222945 -0.536608 -0.843537 
0.00536604 -0.992913 0.110244 -0.0443812 0.116951 0.840083 -0.529701 -0.0211123 -0.531137 -0.847023 
0.00536895 -0.991978 0.108559 -0.0647645 0.126262 0.826096 -0.549203 -0.00611912 -0.552974 -0.833176 
0.00536774 -0.991678 0.106213 -0.0727538 0.128741 0.81944 -0.55852 0.000295253 -0.563238 -0.826295 
0.0053697 -0.991672 0.107428 -0.0710336 0.128789 0.826162 -0.548516 -0.000240775 -0.553096 -0.833117 
0.0053714 -0.991655 0.109617 -0.0678496 0.128883 0.831098 -0.540985 -0.00291135 -0.545215 -0.838291 
0.00537106 -0.992401 0.110305 -0.0545299 0.122249 0.833445 -0.53891 -0.0139969 -0.541481 -0.840596 
0.00537244 -0.991826 0.113306 -0.0586802 0.126877 0.826844 -0.547933 -0.0135649 -0.5509 -0.834461 
0.00537403 -0.992076 0.114877 -0.050878 0.12385 0.826061 -0.549804 -0.0211314 -0.551749 -0.833743 
0.00537302 -0.992339 0.114808 -0.0456406 0.120321 0.814185 -0.568001 -0.0280512 -0.569141 -0.821761 
0.00537282 -999999 -999999 -999999 -999999 -999999 -999999 -999999 -999999 -999999 
0.00537391 -999999 -999999 -999999 -999999 -999999 -999999 -999999 -999999 -999999 
0.00538421 -0.99301 0.115489 0.0243567 0.0754564 0.77985 -0.621402 -0.0907599 -0.615221 -0.783113 
0.0053859 -0.990054 0.133965 0.042971 0.0783972 0.778953 -0.622163 -0.116821 -0.612606 -0.781708 
0.00538491 -999999 -999999 -999999 -999999 -999999 -999999 -999999 -999999 -999999 
0.00538655 -0.990184 0.131119 0.0484061 0.0645594 0.736231 -0.673643 -0.123966 -0.663906 -0.73747 
0.00538593 -0.991691 0.127661 0.015877 0.0777044 0.692784 -0.716947 -0.102526 -0.709756 -0.696947 
0.00538421 -999999 -999999 -999999 -999999 -999999 -999999 -999999 -999999 -999999 
0.00538227 -999999 -999999 -999999 -999999 -999999 -999999 -999999 -999999 -999999 
0.00537952 -999999 -999999 -999999 -999999 -999999 -999999 -999999 -999999 -999999 
0.00537847 -999999 -999999 -999999 -999999 -999999 -999999 -999999 -999999 -999999 
0.00537713 -999999 -999999 -999999 -999999 -999999 -999999 -999999 -999999 -999999 
0.00537507 -999999 -999999 -999999 -999999 -999999 -999999 -999999 -999999 -999999 
0.00537393 -999999 -999999 -999999 -999999 -999999 -999999 -999999 -999999 -999999 
0.00537353 -999999 -999999 -999999 -999999 -999999 -999999 -999999 -999999 -999999 
0.00537143 -999999 -999999 -999999 -999999 -999999 -999999 -999999 -999999 -999999 
0.00536993 -999999 -999999 -999999 -999999 -999999 -999999 -999999 -999999 -999999 
0.00536943 -999999 -999999 -999999 -999999 -999999 -999999 -999999 -999999 -999999 
0.0053683 -999999 -999999 -999999 -999999 -999999 -999999 -999999 -999999 -999999 
0.00536676 -999999 -999999 -999999 -999999 -999999 -999999 -999999 -999999 -999999 
0.005365 -999999 -999999 -999999 -999999 -999999 -999999 -999999 -999999 -999999 
0.00536341 -999999 -999999 -999999 -999999 -999999 -999999 -999999 -999999 -999999 
0.00536223 -999999 -999999 -999999 -999999 -999999 -999999 -999999 -999999 -999999 
0.00536281 -999999 -999999 -999999 -999999 -999999 -999999 -999999 -999999 -999999 
0.00536476 -999999 -999999 -999999 -999999 -999999 -999999 -999999 -999999 -999999 
0.00537102 -999999 -999999 -999999 -999999 -999999 -999999 -999999 -999999 -999999 
0.00536938 -999999 -999999 -999999 -999999 -999999 -999999 -999999 -999999 -999999 
0.0053674 -999999 -999999 -999999 -999999 -999999 -999999 -999999 -999999 -999999 
0.00536599 -999999 -999999 -999999 -999999 -999999 -999999 -999999 -999999 -999999 
0.00536489 -999999 -999999 -999999 -999999 -999999 -999999 -999999 -999999 -999999 
0.00536362 -999999 -999999 -999999 -999999 -999999 -999999 -999999 -999999 -999999 
0.0053627 -999999 -999999 -999999 -999999 -999999 -999999 -999999 -999999 -999999 
0.00536126 -999999 -999999 -999999 -999999 -999999 -999999 -999999 -999999 -999999 
0.00536963 -999999 -999999 -999999 -999999 -999999 -999999 -999999 -999999 -999999 
0.0053692 -999999 -999999 -999999 -999999 -999999 -999999 -999999 -999999 -999999 
0.00536819 -999999 -999999 -999999 -999999 -999999 -999999 -999999 -999999 -999999 
0.00536677 -999999 -999999 -999999 -999999 -999999 -999999 -999999 -999999 -999999 
0.00536561 -999999 -999999 -999999 -999999 -999999 -999999 -999999 -999999 -999999 
0.00536396 -999999 -999999 -999999 -999999 -999999 -999999 -999999 -999999 -999999 
0.00536134 -999999 -999999 -999999 -999999 -999999 -999999 -999999 -999999 -999999 
0.00535998 -999999 -999999 -999999 -999999 -999999 -999999 -999999 -999999 -999999 
0.00535893 -999999 -999999 -999999 -999999 -999999 -999999 -999999 -999999 -999999 
0.0053565 -999999 -999999 -999999 -999999 -999999 -999999 -999999 -999999 -999999 
0.00536387 -999999 -999999 -999999 -999999 -999999 -999999 -999999 -999999 -999999 
0.00536454 -999999 -999999 -999999 -999999 -999999 -999999 -999999 -999999 -999999 
0.0053617 -999999 -999999 -999999 -999999 -999999 -999999 -999999 -999999 -999999 
0.00535921 -999999 -999999 -999999 -999999 -999999 -999999 -999999 -999999 -999999 
0.00535956 -999999 -999999 -999999 -999999 -999999 -999999 -999999 -999999 -999999 
0.00535826 -999999 -999999 -999999 -999999 -999999 -999999 -999999 -999999 -999999 
0.00536858 -999999 -999999 -999999 -999999 -999999 -999999 -999999 -999999 -999999 
0.00536714 -999999 -999999 -999999 -999999 -999999 -999999 -999999 -999999 -999999 
0.00536529 -999999 -999999 -999999 -999999 -999999 -999999 -999999 -999999 -999999 
0.00536475 -999999 -999999 -999999 -999999 -999999 -999999 -999999 -999999 -999999 
0.00536312 -999999 -999999 -999999 -999999 -999999 -999999 -999999 -999999 -999999 
0.00535997 -999999 -999999 -999999 -999999 -999999 -999999 -999999 -999999 -999999 
0.00535886 -999999 -999999 -999999 -999999 -999999 -999999 -999999 -999999 -999999 
0.0053591 -999999 -999999 -999999 -999999 -999999 -999999 -999999 -999999 -999999 
0.00535884 -999999 -999999 -999999 -999999 -999999 -999999 -999999 -999999 -999999 
0.00535783 -999999 -999999 -999999 -999999 -999999 -999999 -999999 -999999 -999999 
0.0053557 -999999 -999999 -999999 -999999 -999999 -999999 -999999 -999999 -999999 
0.00535443 -999999 -999999 -999999 -999999 -999999 -999999 -999999 -999999 -999999 
0.00535378 -999999 -999999 -999999 -999999 -999999 -999999 -999999 -999999 -999999 
0.00535453 -999999 -999999 -999999 -999999 -999999 -999999 -999999 -999999 -999999 
0.00535672 -999999 -999999 -999999 -999999 -999999 -999999 -999999 -999999 -999999 
0.00535854 -999999 -999999 -999999 -999999 -999999 -999999 -999999 -999999 -999999 
0.00535929 -999999 -999999 -999999 -999999 -999999 -999999 -999999 -999999 -999999 
0.00536064 -999999 -999999 -999999 -999999 -999999 -999999 -999999 -999999 -999999 
0.00536237 -999999 -999999 -999999 -999999 -999999 -999999 -999999 -999999 -999999 
0.00536468 -999999 -999999 -999999 -999999 -999999 -999999 -999999 -999999 -999999 
0.00536346 -999999 -999999 -999999 -999999 -999999 -999999 -999999 -999999 -999999 
0.00536165 -999999 -999999 -999999 -999999 -999999 -999999 -999999 -999999 -999999 
0.00536067 -999999 -999999 -999999 -999999 -999999 -999999 -999999 -999999 -999999 
0.00536167 -999999 -999999 -999999 -999999 -999999 -999999 -999999 -999999 -999999 
0.00536254 -999999 -999999 -999999 -999999 -999999 -999999 -999999 -999999 -999999 
0.00536437 -999999 -999999 -999999 -999999 -999999 -999999 -999999 -999999 -999999 
0.00536487 -999999 -999999 -999999 -999999 -999999 -999999 -999999 -999999 -999999 
0.00536611 -999999 -999999 -999999 -999999 -999999 -999999 -999999 -999999 -999999 
0.00536976 -999999 -999999 -999999 -999999 -999999 -999999 -999999 -999999 -999999 
0.0053669 -999999 -999999 -999999 -999999 -999999 -999999 -999999 -999999 -999999 
0.00536592 -999999 -999999 -999999 -999999 -999999 -999999 -999999 -999999 -999999 
0.00536607 -999999 -999999 -999999 -999999 -999999 -999999 -999999 -999999 -999999 
0.005364 -999999 -999999 -999999 -999999 -999999 -999999 -999999 -999999 -999999 
0.005365 -999999 -999999 -999999 -999999 -999999 -999999 -999999 -999999 -999999 
0.00536703 -999999 -999999 -999999 -999999 -999999 -999999 -999999 -999999 -999999 
0.00537168 -999999 -999999 -999999 -999999 -999999 -999999 -999999 -999999 -999999 
0.00537372 -999999 -999999 -999999 -999999 -999999 -999999 -999999 -999999 -999999 
0.00537465 -999999 -999999 -999999 -999999 -999999 -999999 -999999 -999999 -999999 
0.00537499 -999999 -999999 -999999 -999999 -999999 -999999 -999999 -999999 -999999 
0.00537383 -999999 -999999 -999999 -999999 -999999 -999999 -999999 -999999 -999999 
0.00537354 -999999 -999999 -999999 -999999 -999999 -999999 -999999 -999999 -999999 
0.00537196 -999999 -999999 -999999 -999999 -999999 -999999 -999999 -999999 -999999 
0.00537251 -0.988728 0.130766 0.0729212 0.0792507 0.870296 -0.486112 -0.12703 -0.474853 -0.870849 
0.0053732 -999999 -999999 -999999 -999999 -999999 -999999 -999999 -999999 -999999 
0.00537478 -0.988743 0.134034 0.0664987 0.0952992 0.906772 -0.41071 -0.115348 -0.399749 -0.909338 
0.00537621 -999999 -999999 -999999 -999999 -999999 -999999 -999999 -999999 -999999 
0.0053788 -0.988903 0.13291 0.0663735 0.0921546 0.899231 -0.427657 -0.116525 -0.416795 -0.901501 
0.00538217 -0.989146 0.129105 0.0701629 0.0896449 0.90856 -0.408023 -0.116425 -0.397305 -0.910272 
0.00538375 -0.989472 0.127935 0.0676521 0.0882541 0.903898 -0.418545 -0.114697 -0.408168 -0.905673 
0.00538628 -0.990308 0.122374 0.0656879 0.0884167 0.920201 -0.38133 -0.107111 -0.371827 -0.922102 
0.00539604 -0.989913 0.122621 0.0709632 0.0870761 0.921708 -0.377985 -0.111756 -0.367993 -0.923088 
0.00539939 -0.990146 0.120848 0.0707523 0.0845004 0.918497 -0.386294 -0.111669 -0.376509 -0.919658 
0.00540072 -0.990449 0.120079 0.0677602 0.0868459 0.925029 -0.369837 -0.10709 -0.36042 -0.926622 
0.00540266 -0.990236 0.120264 0.0704881 0.0861761 0.925592 -0.368583 -0.10957 -0.35891 -0.926919 
0.00540487 -0.990273 0.119823 0.0707245 0.0844538 0.921588 -0.37887 -0.110576 -0.369212 -0.922743 
0.00540827 -0.989992 0.122149 0.0706791 0.0880541 0.926032 -0.367031 -0.110284 -0.357134 -0.92752 
0.0054118 -0.990239 0.12096 0.0692529 0.0893234 0.932145 -0.350896 -0.106998 -0.341284 -0.93385 
0.00541421 -999999 -999999 -999999 -999999 -999999 -999999 -999999 -999999 -999999 
0.00541759 -999999 -999999 -999999 -999999 -999999 -999999 -999999 -999999 -999999 
0.00542117 -0.989054 0.131291 0.0673399 0.106028 0.949768 -0.294447 -0.102615 -0.284084 -0.953292 
0.00542027 -0.988889 0.132494 0.067414 0.10548 0.944918 -0.309846 -0.104754 -0.299292 -0.948394 
0.00542102 -0.988204 0.13702 0.0684016 0.106076 0.934565 -0.339611 -0.110459 -0.328349 -0.938076 
0.00542191 -0.987702 0.136444 0.076344 0.107568 0.947376 -0.30151 -0.113466 -0.28959 -0.950402 
0.0054283 -0.987883 0.1349 0.0767372 0.105863 0.947276 -0.302424 -0.113488 -0.290636 -0.950079 
0.00543589 -0.986709 0.14453 0.0742724 0.115496 0.945287 -0.305113 -0.114307 -0.292479 -0.949416 
0.00544192 -0.987088 0.144236 0.0696603 0.126438 0.968624 -0.213967 -0.0983363 -0.202397 -0.974354 
0.00544561 -0.986837 0.147013 0.0673816 0.128879 0.966614 -0.221466 -0.0976904 -0.209866 -0.972837 
0.00544947 -0.986036 0.152753 0.0663236 0.130441 0.956038 -0.262632 -0.103526 -0.250314 -0.962614 
0.0054536 -0.985279 0.152818 0.0766292 0.137474 0.974708 -0.176197 -0.101617 -0.163069 -0.981368 
0.00545945 -0.985434 0.151656 0.0769486 0.135733 0.974001 -0.181379 -0.102455 -0.168293 -0.980398 
0.0054638 -999999 -999999 -999999 -999999 -999999 -999999 -999999 -999999 -999999 
0.00546531 -0.984678 0.153975 0.081855 0.136435 0.972596 -0.188264 -0.1086 -0.174211 -0.978701 
0.00546529 -0.984823 0.152 0.0837846 0.134467 0.97342 -0.185396 -0.109738 -0.171316 -0.979086 
0.00546625 -0.98522 0.155086 0.0727313 0.134078 0.962452 -0.23603 -0.106605 -0.222789 -0.96902 
0.00546703 -0.984642 0.154204 0.0818594 0.137363 0.973674 -0.181909 -0.107755 -0.167871 -0.979902 
0.00547007 -0.984697 0.153274 0.0829453 0.136162 0.973678 -0.182787 -0.108778 -0.168695 -0.979647 
0.00547378 -0.984875 0.157228 0.0728087 0.136549 0.96298 -0.23243 -0.106658 -0.218972 -0.969884 
0.00547865 -0.984146 0.156559 0.0833363 0.138796 0.972378 -0.187659 -0.110414 -0.173117 -0.978693 
0.00548223 -0.984329 0.156059 0.0821096 0.138671 0.972662 -0.186275 -0.108935 -0.171969 -0.979061 
0.00548609 -0.984562 0.158119 0.0750676 0.138348 0.965723 -0.219632 -0.107223 -0.205856 -0.97269 
0.00548958 -0.984093 0.158578 0.0800921 0.139909 0.96961 -0.200703 -0.109485 -0.186304 -0.976373 
0.00549015 -0.984248 0.15774 0.0798371 0.139736 0.970744 -0.19527 -0.108303 -0.181038 -0.977495 
0.00548934 -0.98385 0.160955 0.0783085 0.140102 0.964756 -0.222751 -0.111402 -0.208183 -0.971725 
0.00549158 -0.982764 0.163876 0.0855498 0.141388 0.964451 -0.223256 -0.119095 -0.207312 -0.970998 
0.00549194 -0.982853 0.162963 0.0862743 0.141659 0.966847 -0.212459 -0.118037 -0.196594 -0.973354 
0.00549578 -0.982818 0.165441 0.0818468 0.142176 0.961319 -0.235907 -0.117709 -0.220217 -0.968323 
0.00550036 -0.982064 0.171088 0.079236 0.146369 0.956698 -0.251603 -0.118851 -0.235493 -0.964582 
0.00550474 -0.981297 0.175092 0.0799973 0.150936 0.957757 -0.244787 -0.119478 -0.228134 -0.966271 
0.00551223 -0.980019 0.181706 0.0809005 0.154411 0.951413 -0.266402 -0.125377 -0.248587 -0.960461 
0.00551652 -0.977877 0.191677 0.0837623 0.162235 0.947734 -0.274737 -0.132045 -0.25507 -0.957864 
0.00552158 -0.976888 0.195053 0.0874324 0.16654 0.950944 -0.260709 -0.133996 -0.240123 -0.96145 
0.00553027 -0.975643 0.201174 0.0874596 0.169771 0.944953 -0.279717 -0.138917 -0.258056 -0.956091 
0.00553363 -0.974007 0.205254 0.0958182 0.172296 0.94592 -0.274863 -0.147053 -0.251209 -0.956697 
0.00553597 -0.972989 0.209373 0.0972342 0.175142 0.943911 -0.279925 -0.150389 -0.255334 -0.955085 
0.00553855 -0.971698 0.213319 0.101483 0.176516 0.941161 -0.288198 -0.15699 -0.262127 -0.952178 
0.00554361 -0.971292 0.214536 0.102789 0.177836 0.941808 -0.285258 -0.158006 -0.258789 -0.952923 
0.00554776 -0.970264 0.216262 0.108708 0.176745 0.93987 -0.292243 -0.165372 -0.26434 -0.950145 
0.0055522 -0.970335 0.216408 0.107786 0.177207 0.939912 -0.291826 -0.164463 -0.264068 -0.950379 
0.00555413 -0.969666 0.218518 0.109531 0.17788 0.938179 -0.296948 -0.167648 -0.268457 -0.948591 
0.00555776 -0.969056 0.220382 0.111186 0.178339 0.936506 -0.301914 -0.170663 -0.272742 -0.946829 
0.00556099 -0.967962 0.220672 0.119802 0.177251 0.93845 -0.296467 -0.17785 -0.265734 -0.947499 
0.00556473 -0.967349 0.222736 0.120928 0.176853 0.93499 -0.307435 -0.181544 -0.27601 -0.943854 
0.00556481 -0.966954 0.222544 0.124399 0.175086 0.934311 -0.310497 -0.185326 -0.278455 -0.9424 
0.00556417 -0.967429 0.220556 0.124241 0.17481 0.937052 -0.302285 -0.18309 -0.270721 -0.945086 
0.00556447 -0.968025 0.219124 0.122118 0.173145 0.935888 -0.306812 -0.181519 -0.275857 -0.943904 
0.00556517 -0.967944 0.218935 0.12309 0.172309 0.9354 -0.308765 -0.182738 -0.277658 -0.94314 
0.00556618 -0.968184 0.216808 0.124959 0.172248 0.939625 -0.295695 -0.181523 -0.264763 -0.947074 
0.00557104 -0.96887 0.216059 0.120867 0.171123 0.937269 -0.303716 -0.178905 -0.273578 -0.945065 
0.00557373 -0.969127 0.215961 0.118971 0.171338 0.936846 -0.304899 -0.177303 -0.275101 -0.944925 
0.00557491 -0.969592 0.212985 0.120536 0.171661 0.942936 -0.285313 -0.174425 -0.255946 -0.950825 
0.00557734 -0.970097 0.21209 0.118022 0.172894 0.945107 -0.277272 -0.17035 -0.248576 -0.953515 
0.00557922 -0.970439 0.213127 0.11325 0.174885 0.944349 -0.278603 -0.166325 -0.250561 -0.953706 
0.00558065 -0.970281 0.211877 0.116888 0.176564 0.950211 -0.256757 -0.16547 -0.228488 -0.959382 
0.0055804 -0.971662 0.212102 0.104332 0.17922 0.948862 -0.259887 -0.154119 -0.233824 -0.959986 
0.00558009 -0.972203 0.213998 0.0950108 0.180648 0.943712 -0.277083 -0.148958 -0.252217 -0.956137 
0.00557904 -0.972441 0.213868 0.0928435 0.182166 0.945484 -0.269955 -0.145517 -0.245602 -0.958386 
0.00557967 -0.974247 0.212103 0.0765151 0.18393 0.943846 -0.274454 -0.130431 -0.253313 -0.958551 
0.0055817 -0.975628 0.20645 0.0743503 0.18034 0.947427 -0.264308 -0.125008 -0.244458 -0.961568 
0.00558206 -0.975586 0.20977 0.0650247 0.183372 0.940992 -0.284445 -0.120856 -0.265576 -0.956485 
0.00558396 -0.976824 0.207295 0.0533173 0.185325 0.94374 -0.273879 -0.107091 -0.25765 -0.960285 
0.0055858 -0.977613 0.205725 0.0441676 0.185488 0.941708 -0.28068 -0.0993357 -0.266203 -0.958785 
0.0055875 -0.977535 0.207357 0.0377947 0.188437 0.940113 -0.284042 -0.0944293 -0.270539 -0.958067 
0.00558882 -0.978276 0.205934 0.0238319 0.191783 0.942662 -0.273144 -0.0787152 -0.26264 -0.961678 
0.00558902 -0.978586 0.205173 0.0165626 0.191843 0.938249 -0.287896 -0.0746083 -0.278554 -0.957518 
0.00558891 -0.978653 0.205491 0.00330794 0.195515 0.935858 -0.29316 -0.0633377 -0.286255 -0.956058 
0.00559031 -0.978496 0.205886 -0.0124913 0.199814 0.931126 -0.305089 -0.0511827 -0.301024 -0.952242 
0.00559013 -0.978354 0.205539 -0.0240389 0.203236 0.932458 -0.298692 -0.0389776 -0.297112 -0.954047 
0.00559122 -0.978285 0.203724 -0.0381407 0.20556 0.930133 -0.304299 -0.0265169 -0.305531 -0.951813 
0.00559219 -0.977909 0.203184 -0.0490875 0.208279 0.927262 -0.311134 -0.0177005 -0.314484 -0.949098 
0.00559327 -0.977584 0.202459 -0.0577894 0.210263 0.924564 -0.31776 -0.0109033 -0.322788 -0.946409 
0.00559485 -0.976689 0.202529 -0.0711403 0.214657 0.923043 -0.31924 0.00101028 -0.327069 -0.945 
0.00559608 -0.975995 0.202666 -0.0797564 0.217681 0.919548 -0.32718 0.00703176 -0.336687 -0.94159 
0.00560088 -0.975312 0.203342 -0.0861357 0.220601 0.915022 -0.337742 0.0101388 -0.348406 -0.937289 
0.00560093 -0.974383 0.204603 -0.0933521 0.224209 0.916136 -0.332303 0.0175328 -0.344721 -0.938541 
0.00560075 -0.973743 0.204755 -0.0995028 0.226596 0.913794 -0.337097 0.0219027 -0.350793 -0.936197 
0.00560017 -0.972635 0.205416 -0.10856 0.230437 0.91254 -0.337889 0.0296572 -0.353659 -0.934904 
0.00559993 -0.972379 0.205444 -0.110778 0.230929 0.915774 -0.32868 0.0339218 -0.345183 -0.937922 
0.00560815 -0.972312 0.203535 -0.114817 0.231115 0.910228 -0.343616 0.0345721 -0.360638 -0.932065 
0.00560922 -0.972487 0.203685 -0.113052 0.230681 0.909642 -0.345453 0.032473 -0.362028 -0.931602 
0.00560995 -0.97295 0.202461 -0.111252 0.228827 0.910731 -0.343812 0.0317121 -0.359969 -0.932425 
0.00561918 -0.972869 0.199943 -0.1164 0.228643 0.907746 -0.351737 0.0353343 -0.368808 -0.928834 
0.00562022 -0.973873 0.198789 -0.109788 0.225473 0.904042 -0.363139 0.0270646 -0.378406 -0.925244 
0.0056209 -0.974679 0.198363 -0.103216 0.222755 0.901646 -0.370694 0.0195319 -0.3843 -0.923002 
0.00562076 -0.974394 0.196184 -0.109857 0.223525 0.898102 -0.378746 0.0243589 -0.393604 -0.918957 
0.00562021 -0.975032 0.196352 -0.10372 0.221224 0.899461 -0.376869 0.019293 -0.390405 -0.920441 
0.00561917 -0.976097 0.19533 -0.0952886 0.217063 0.898066 -0.382573 0.0108473 -0.394112 -0.918998 
0.00561865 -0.977092 0.193571 -0.0884433 0.21281 0.892416 -0.397876 0.00191108 -0.407583 -0.913166 
0.00562842 -0.978192 0.191867 -0.0795494 0.207523 0.886839 -0.412856 -0.00866572 -0.42036 -0.907316 
0.00563206 -0.979098 0.190772 -0.0705155 0.202789 0.88908 -0.410383 -0.0155956 -0.416105 -0.909183 
0.00563442 -0.977697 0.187553 -0.0945104 0.20997 0.882693 -0.420434 0.00457023 -0.430902 -0.902387 
0.00563614 -0.980599 0.188204 -0.0548127 0.193973 0.8913 -0.409827 -0.0282764 -0.412509 -0.910515 
0.00563673 -0.979428 0.188701 -0.0715 0.201238 0.887109 -0.415381 -0.0149543 -0.421224 -0.906833 
0.00564046 -0.981555 0.18822 -0.0335198 0.184795 0.88913 -0.418687 -0.0490018 -0.417158 -0.907512 
0.00564097 -0.981398 0.191171 -0.0176416 0.181713 0.895319 -0.406674 -0.0619493 -0.402315 -0.913403 
0.00564032 -0.981003 0.19076 -0.0352751 0.188766 0.896722 -0.400321 -0.0447331 -0.399374 -0.915696 
0.00564163 -0.981217 0.192804 0.00639174 0.171645 0.887701 -0.427229 -0.0880454 -0.418107 -0.904121 
0.005642 -0.981315 0.191828 0.0149385 0.167637 0.890502 -0.42297 -0.0944403 -0.412562 -0.906021 
0.00564371 -0.980856 0.192465 0.0296273 0.161035 0.887228 -0.432313 -0.109491 -0.419266 -0.901237 
0.00564606 -0.980306 0.192604 0.0436424 0.1552 0.888008 -0.432845 -0.122122 -0.417548 -0.900411 
0.00564832 -0.979951 0.190922 0.0569642 0.149892 0.894821 -0.42051 -0.131257 -0.40354 -0.905498 
0.00564716 -999999 -999999 -999999 -999999 -999999 -999999 -999999 -999999 -999999 
0.00564553 -999999 -999999 -999999 -999999 -999999 -999999 -999999 -999999 -999999 
0.00564404 -999999 -999999 -999999 -999999 -999999 -999999 -999999 -999999 -999999 
0.00564167 -999999 -999999 -999999 -999999 -999999 -999999 -999999 -999999 -999999 
0.00563958 -999999 -999999 -999999 -999999 -999999 -999999 -999999 -999999 -999999 
0.00563713 -999999 -999999 -999999 -999999 -999999 -999999 -999999 -999999 -999999 
0.00563484 -999999 -999999 -999999 -999999 -999999 -999999 -999999 -999999 -999999 
0.00563401 -999999 -999999 -999999 -999999 -999999 -999999 -999999 -999999 -999999 
0.00563843 -999999 -999999 -999999 -999999 -999999 -999999 -999999 -999999 -999999 
0.00563794 -999999 -999999 -999999 -999999 -999999 -999999 -999999 -999999 -999999 
0.00563729 -999999 -999999 -999999 -999999 -999999 -999999 -999999 -999999 -999999 
0.0056372 -999999 -999999 -999999 -999999 -999999 -999999 -999999 -999999 -999999 
0.00563539 -999999 -999999 -999999 -999999 -999999 -999999 -999999 -999999 -999999 
0.00563362 -999999 -999999 -999999 -999999 -999999 -999999 -999999 -999999 -999999 
0.0056321 -999999 -999999 -999999 -999999 -999999 -999999 -999999 -999999 -999999 
0.00563026 -999999 -999999 -999999 -999999 -999999 -999999 -999999 -999999 -999999 
0.00562879 -999999 -999999 -999999 -999999 -999999 -999999 -999999 -999999 -999999 
0.00563067 -999999 -999999 -999999 -999999 -999999 -999999 -999999 -999999 -999999 
0.00563532 -999999 -999999 -999999 -999999 -999999 -999999 -999999 -999999 -999999 
0.00563449 -999999 -999999 -999999 -999999 -999999 -999999 -999999 -999999 -999999 
0.00564125 -999999 -999999 -999999 -999999 -999999 -999999 -999999 -999999 -999999 
0.00564138 -999999 -999999 -999999 -999999 -999999 -999999 -999999 -999999 -999999 
0.00564776 -999999 -999999 -999999 -999999 -999999 -999999 -999999 -999999 -999999 
0.0056561 -999999 -999999 -999999 -999999 -999999 -999999 -999999 -999999 -999999 
0.00567048 -999999 -999999 -999999 -999999 -999999 -999999 -999999 -999999 -999999 
0.00568001 -999999 -999999 -999999 -999999 -999999 -999999 -999999 -999999 -999999 
0.00567819 -999999 -999999 -999999 -999999 -999999 -999999 -999999 -999999 -999999 
0.00567976 -999999 -999999 -999999 -999999 -999999 -999999 -999999 -999999 -999999 
0.00567872 -999999 -999999 -999999 -999999 -999999 -999999 -999999 -999999 -999999 
0.00568877 -0.978647 0.19183 0.0738338 0.154422 0.923231 -0.35185 -0.135661 -0.332935 -0.93314 
0.00568562 -999999 -999999 -999999 -999999 -999999 -999999 -999999 -999999 -999999 
0.00568888 -0.980496 0.18745 0.0590744 0.152711 0.915829 -0.371398 -0.123721 -0.355133 -0.926592 
0.00569193 -0.980847 0.186301 0.0568364 0.147445 0.900847 -0.408332 -0.127274 -0.392131 -0.911062 
0.00569461 -999999 -999999 -999999 -999999 -999999 -999999 -999999 -999999 -999999 
0.00569472 -0.980814 0.187659 0.0527937 0.146452 0.888047 -0.435803 -0.128666 -0.41971 -0.898492 
0.00569477 -0.980087 0.192231 0.0497718 0.144856 0.863589 -0.48294 -0.135818 -0.466113 -0.874238 
0.00569517 -0.979117 0.195877 0.0544277 0.148376 0.871535 -0.467346 -0.138978 -0.44951 -0.882398 
0.00569599 -0.979139 0.197302 0.0485733 0.150282 0.864069 -0.480416 -0.136758 -0.463094 -0.875695 
0.00569895 -0.978489 0.20204 0.0417097 0.154696 0.852339 -0.499587 -0.136487 -0.482388 -0.865259 
0.00570236 -0.97762 0.205454 0.0452616 0.158427 0.860512 -0.48417 -0.138423 -0.466163 -0.873803 
0.00570723 -0.975371 0.21662 0.0415621 0.169068 0.855247 -0.489867 -0.141661 -0.470775 -0.870806 
0.00571057 -0.971587 0.233343 0.0396185 0.182808 0.846166 -0.500584 -0.150331 -0.479119 -0.864781 
0.00571399 -0.966773 0.253343 0.0341521 0.200886 0.835534 -0.511398 -0.158095 -0.487545 -0.858665 
0.00571337 -0.961535 0.27297 0.0306294 0.218775 0.828477 -0.515523 -0.166098 -0.488992 -0.856328 
0.00571449 -0.955909 0.292755 0.0230698 0.236813 0.814929 -0.528971 -0.173659 -0.500185 -0.848326 
0.0057147 -0.949661 0.312593 0.0207172 0.25325 0.804939 -0.536599 -0.184413 -0.50434 -0.843583 
0.00571437 -0.944936 0.326948 0.014195 0.265761 0.791962 -0.549698 -0.190964 -0.515656 -0.835243 
0.00572176 -0.938887 0.343913 0.0146955 0.282797 0.794973 -0.536698 -0.19626 -0.499742 -0.843647 
0.00572825 -0.93084 0.365224 0.0121929 0.298238 0.778551 -0.552189 -0.211165 -0.510363 -0.83363 
0.00573494 -0.920369 0.390928 0.00983274 0.318725 0.764475 -0.560351 -0.226574 -0.512595 -0.828197 
0.00573876 -0.908547 0.417599 0.0123534 0.344086 0.764725 -0.544793 -0.236952 -0.49072 -0.838479 
0.00574523 -0.89547 0.444668 0.0201101 0.35559 0.7418 -0.568585 -0.267749 -0.501999 -0.822379 
0.00574523 -0.883685 0.467876 0.0139326 0.38025 0.734906 -0.561536 -0.272968 -0.490923 -0.827335 
0.00574523 -0.869429 0.493244 0.0283553 0.388368 0.717787 -0.577886 -0.305392 -0.491418 -0.815625 
0.00575352 -0.860538 0.509068 0.0179846 0.401356 0.699356 -0.591451 -0.313666 -0.501748 -0.806141 
0.00575237 -0.849853 0.52657 0.0217657 0.415552 0.694933 -0.586844 -0.32414 -0.489686 -0.809408 
0.00575205 -0.838786 0.544136 0.0188327 0.429255 0.682183 -0.591918 -0.334931 -0.488408 -0.805778 
0.00575201 -0.830469 0.556855 0.0152522 0.437266 0.668593 -0.601483 -0.345136 -0.492844 -0.79874 
0.00575135 -0.821728 0.569863 -0.00437062 0.458704 0.656849 -0.598448 -0.338163 -0.493766 -0.80115 
0.00575149 -0.807197 0.589661 -0.0270777 0.478884 0.627353 -0.614084 -0.345114 -0.508654 -0.788776 
0.00575142 -0.795858 0.602571 -0.059308 0.499477 0.597999 -0.626833 -0.342246 -0.528493 -0.776893 
0.00575899 -0.778397 0.624509 -0.0639319 0.51797 0.581371 -0.627467 -0.35469 -0.521533 -0.776014 
0.00575879 -0.755408 0.648932 -0.090806 0.550895 0.553935 -0.624237 -0.354787 -0.521578 -0.77594 
0.00575832 -0.716819 0.687836 -0.114246 0.590181 0.511287 -0.624717 -0.371291 -0.515234 -0.772449 
0.00575695 -0.651159 0.751403 -0.106705 0.624915 0.451057 -0.637204 -0.430667 -0.481602 -0.763273 
0.00575672 -0.613034 0.776529 -0.145574 0.655831 0.397427 -0.641824 -0.44054 -0.488932 -0.752908 
0.00575652 -0.567557 0.809587 -0.149826 0.68515 0.363506 -0.631216 -0.456561 -0.460904 -0.760999 
0.00575505 -0.51603 0.842361 -0.155372 0.708719 0.318004 -0.629754 -0.481072 -0.435087 -0.761097 
0.00576085 -0.46153 0.872673 -0.159476 0.727588 0.269514 -0.630855 -0.507549 -0.407192 -0.759335 
0.00576063 -0.429727 0.889285 -0.156546 0.730497 0.240478 -0.639174 -0.530762 -0.389027 -0.75296 
0.00576163 -0.402645 0.89781 -0.178364 0.766304 0.224042 -0.60215 -0.500655 -0.379134 -0.778204 
0.00576613 -0.338975 0.930164 -0.141031 0.762235 0.183668 -0.620697 -0.551447 -0.3179 -0.771262 
0.00577152 -0.288038 0.940402 -0.180773 0.778695 0.120135 -0.615794 -0.557376 -0.318139 -0.766889 
0.00578015 -0.268464 0.947208 -0.175284 0.791363 0.113115 -0.600791 -0.549247 -0.300004 -0.779952 
0.0057799 -0.229288 0.954493 -0.190709 0.805965 0.0763203 -0.587023 -0.545754 -0.288302 -0.786787 
0.00578023 -0.197382 0.959928 -0.198944 0.822385 0.0516773 -0.566579 -0.533594 -0.275441 -0.799631 
0.00577758 -999999 -999999 -999999 -999999 -999999 -999999 -999999 -999999 -999999 
0.00577811 -0.134442 0.964507 -0.22727 0.83182 -0.0147937 -0.554848 -0.538517 -0.263643 -0.800307 
0.00578271 -0.111674 0.965084 -0.236944 0.822829 -0.0438949 -0.566592 -0.557209 -0.258238 -0.789197 
0.00578195 -0.1126 0.964697 -0.238077 0.820228 -0.0449974 -0.570264 -0.560845 -0.25949 -0.786205 
0.0057812 -0.11141 0.964974 -0.237516 0.817723 -0.0468016 -0.573705 -0.564727 -0.258139 -0.783867 
0.00578151 -0.11129 0.966091 -0.232988 0.816329 -0.0448355 -0.575844 -0.566763 -0.254281 -0.783658 
0.00578891 -0.11571 0.965345 -0.233922 0.810364 -0.0444394 -0.58424 -0.574388 -0.257165 -0.777139 
0.00579262 -0.123072 0.965039 -0.231414 0.806522 -0.03861 -0.589943 -0.578253 -0.259246 -0.773573 
0.00579711 -0.128304 0.963968 -0.233031 0.803989 -0.0364685 -0.593525 -0.580638 -0.263506 -0.77034 
0.0057963 -0.129598 0.965605 -0.225412 0.802259 -0.03149 -0.596144 -0.582739 -0.258098 -0.770585 
0.00579537 -0.133771 0.964598 -0.227278 0.796753 -0.0316962 -0.603473 -0.589313 -0.261812 -0.764307 
0.00580248 -0.14084 0.963067 -0.229492 0.793278 -0.0289133 -0.608172 -0.592346 -0.267706 -0.759908 
0.00580197 -0.144802 0.964046 -0.222816 0.787761 -0.0239382 -0.615516 -0.59872 -0.264654 -0.755972 
0.00580149 -0.150449 0.963324 -0.222199 0.775535 -0.0243864 -0.630834 -0.613116 -0.267231 -0.743422 
0.00580087 -0.152293 0.962949 -0.222567 0.764705 -0.0278563 -0.643778 -0.626126 -0.268241 -0.732129 
0.00580011 -0.151847 0.962399 -0.225233 0.759958 -0.0320237 -0.649183 -0.631986 -0.269744 -0.72652 
0.00579933 -0.153663 0.962528 -0.223444 0.759745 -0.0294995 -0.649552 -0.631803 -0.269572 -0.726743 
0.00579869 -0.152908 0.963058 -0.221672 0.75795 -0.0296491 -0.651639 -0.634139 -0.267657 -0.725416 
0.00580344 -0.153707 0.96254 -0.223361 0.748502 -0.0341503 -0.662253 -0.645073 -0.268979 -0.715214 
0.00580276 -0.155453 0.962197 -0.223632 0.737256 -0.0376686 -0.674562 -0.657486 -0.269737 -0.70353 
0.00580246 -0.15672 0.96234 -0.222127 0.733319 -0.0372719 -0.678862 -0.661576 -0.269282 -0.699861 
0.00580108 -0.16055 0.965423 -0.205384 0.725848 -0.0255248 -0.687381 -0.668856 -0.259436 -0.696652 
0.00579943 -999999 -999999 -999999 -999999 -999999 -999999 -999999 -999999 -999999 
0.00579765 -999999 -999999 -999999 -999999 -999999 -999999 -999999 -999999 -999999 
0.00579517 -999999 -999999 -999999 -999999 -999999 -999999 -999999 -999999 -999999 
0.00579324 -999999 -999999 -999999 -999999 -999999 -999999 -999999 -999999 -999999 
0.00579155 -999999 -999999 -999999 -999999 -999999 -999999 -999999 -999999 -999999 
0.00579058 -999999 -999999 -999999 -999999 -999999 -999999 -999999 -999999 -999999 
0.00578874 -999999 -999999 -999999 -999999 -999999 -999999 -999999 -999999 -999999 
0.00578709 -999999 -999999 -999999 -999999 -999999 -999999 -999999 -999999 -999999 
0.00578477 -999999 -999999 -999999 -999999 -999999 -999999 -999999 -999999 -999999 
0.00578328 -999999 -999999 -999999 -999999 -999999 -999999 -999999 -999999 -999999 
0.00578129 -999999 -999999 -999999 -999999 -999999 -999999 -999999 -999999 -999999 
0.00578496 -999999 -999999 -999999 -999999 -999999 -999999 -999999 -999999 -999999 
0.00578255 -999999 -999999 -999999 -999999 -999999 -999999 -999999 -999999 -999999 
0.0057797 -999999 -999999 -999999 -999999 -999999 -999999 -999999 -999999 -999999 
0.00578242 -999999 -999999 -999999 -999999 -999999 -999999 -999999 -999999 -999999 
0.0057799 -999999 -999999 -999999 -999999 -999999 -999999 -999999 -999999 -999999 
0.00577714 -999999 -999999 -999999 -999999 -999999 -999999 -999999 -999999 -999999 
0.00577582 -0.151164 0.939808 -0.306448 0.737594 -0.0991547 -0.667924 -0.658106 -0.327 -0.678209 
0.0057755 -0.148081 0.934878 -0.322606 0.751462 -0.105704 -0.651253 -0.642944 -0.338865 -0.686873 
0.00577475 -0.146484 0.930808 -0.334872 0.759986 -0.110801 -0.640426 -0.633218 -0.348309 -0.69117 
0.00577381 -0.14324 0.928304 -0.343123 0.765182 -0.116004 -0.633277 -0.627677 -0.353262 -0.693705 
0.00577302 -0.142232 0.927284 -0.346288 0.767781 -0.117449 -0.629856 -0.624726 -0.355459 -0.695246 
0.00577201 -0.14215 0.925733 -0.350445 0.769365 -0.119424 -0.627547 -0.622792 -0.358826 -0.695251 
0.00577151 -0.143183 0.927045 -0.346535 0.767655 -0.116969 -0.630098 -0.624663 -0.356239 -0.694903 
0.00577057 -0.146701 0.926693 -0.346005 0.763473 -0.116334 -0.635275 -0.628957 -0.357361 -0.690439 
0.00577806 -0.144882 0.92639 -0.347579 0.767487 -0.116491 -0.630392 -0.624478 -0.358095 -0.694114 
0.00577771 -0.144948 0.927687 -0.344074 0.765253 -0.115325 -0.633315 -0.627198 -0.355101 -0.693199 
0.0057773 -0.144131 0.92769 -0.344408 0.766536 -0.115442 -0.631741 -0.625819 -0.355054 -0.694469 
0.00577693 -0.142312 0.927799 -0.344873 0.766229 -0.117306 -0.631769 -0.62661 -0.35416 -0.694213 
0.00577884 -0.140152 0.927432 -0.346737 0.767867 -0.119275 -0.629407 -0.62509 -0.354461 -0.695428 
0.00577865 -0.141801 0.93001 -0.339078 0.761688 -0.116267 -0.637427 -0.632237 -0.348659 -0.691891 
0.005778 -0.141773 0.927198 -0.346705 0.762023 -0.121331 -0.636081 -0.631839 -0.354376 -0.689345 
0.00578073 -0.140414 0.929702 -0.340496 0.764512 -0.116716 -0.633954 -0.62913 -0.34933 -0.69438 
0.00578043 -0.141807 0.929105 -0.341547 0.76097 -0.118353 -0.637901 -0.6331 -0.350365 -0.690238 
0.00577981 -0.141277 0.928302 -0.343941 0.762408 -0.119593 -0.635949 -0.631486 -0.352069 -0.690849 
0.00577928 -0.139771 0.929917 -0.340175 0.767179 -0.115499 -0.630949 -0.62602 -0.349163 -0.697269 
0.00577856 -0.140404 0.928464 -0.343862 0.765616 -0.118401 -0.632308 -0.627789 -0.352044 -0.694223 
0.00577793 -0.140881 0.927731 -0.345642 0.768885 -0.117405 -0.628516 -0.623673 -0.354305 -0.696778 
0.00577694 -0.142182 0.926889 -0.347363 0.766925 -0.118704 -0.630663 -0.625788 -0.35607 -0.693977 
0.00577648 -0.142862 0.925328 -0.351224 0.769536 -0.119315 -0.627358 -0.622418 -0.359905 -0.695028 
0.00577633 -0.143691 0.92515 -0.351354 0.77172 -0.117506 -0.625013 -0.619517 -0.360956 -0.697072 
0.00577485 -0.146062 0.92124 -0.36053 0.770817 -0.122452 -0.625177 -0.620086 -0.369218 -0.692222 
0.0057742 -0.146759 0.921815 -0.358776 0.777177 -0.116924 -0.618324 -0.61193 -0.369577 -0.699253 
0.00577389 -0.148143 0.921426 -0.359205 0.772282 -0.1191 -0.624016 -0.617766 -0.369851 -0.693956 
0.00577941 -0.147892 0.919003 -0.36546 0.786396 -0.114817 -0.606958 -0.599758 -0.377161 -0.70572 
0.00577829 -0.152576 0.918309 -0.365279 0.78276 -0.113348 -0.611914 -0.60333 -0.379289 -0.701522 
0.0057776 -0.147852 0.925691 -0.348189 0.773589 -0.111104 -0.623871 -0.616197 -0.361596 -0.699678 
0.00577638 -0.153146 0.921543 -0.356799 0.784365 -0.106265 -0.611129 -0.601097 -0.373453 -0.706552 
0.00577572 -0.147725 0.929284 -0.33854 0.774911 -0.103945 -0.623465 -0.614566 -0.35444 -0.704756 
0.00577564 -0.149393 0.931178 -0.332551 0.778306 -0.0966939 -0.620395 -0.609854 -0.351509 -0.710296 
0.00577513 -999999 -999999 -999999 -999999 -999999 -999999 -999999 -999999 -999999 
0.00577326 -999999 -999999 -999999 -999999 -999999 -999999 -999999 -999999 -999999 
0.00577214 -0.151702 0.928118 -0.339977 0.798 -0.0879595 -0.596204 -0.583251 -0.361747 -0.727294 
0.00577109 -0.150624 0.930345 -0.33432 0.795377 -0.0867899 -0.599869 -0.587101 -0.356265 -0.726903 
0.00577016 -0.149194 0.93317 -0.32701 0.793542 -0.0843143 -0.602646 -0.589943 -0.349408 -0.72793 
0.00576931 -0.147782 0.937349 -0.315494 0.790696 -0.0796457 -0.607006 -0.594105 -0.339164 -0.729388 
0.00576865 -0.144862 0.940533 -0.307265 0.779842 -0.0826013 -0.620502 -0.608983 -0.329506 -0.721502 
0.00576714 -0.141688 0.942662 -0.302179 0.780419 -0.0814228 -0.619932 -0.608991 -0.323664 -0.724135 
0.00576636 -999999 -999999 -999999 -999999 -999999 -999999 -999999 -999999 -999999 
0.00576528 -0.134357 0.94741 -0.290453 0.778785 -0.0802875 -0.622132 -0.612733 -0.309788 -0.727041 
0.00576446 -0.132387 0.948728 -0.287036 0.781235 -0.0783531 -0.6193 -0.610037 -0.30623 -0.730806 
0.00576419 -0.130358 0.950285 -0.28278 0.780187 -0.0776807 -0.620704 -0.611813 -0.301535 -0.731274 
0.00576352 -0.128775 0.950941 -0.281298 0.781544 -0.0772838 -0.619045 -0.610415 -0.299564 -0.73325 
0.00576258 -0.126906 0.951274 -0.281021 0.778875 -0.0798631 -0.622073 -0.614205 -0.297826 -0.730788 
0.00576183 -0.126235 0.950975 -0.282333 0.78128 -0.0800715 -0.619024 -0.611283 -0.298724 -0.732869 
0.0057825 -0.124772 0.950714 -0.283858 0.781067 -0.0823098 -0.618999 -0.611855 -0.298946 -0.732301 
0.0057817 -0.123153 0.951546 -0.281768 0.779415 -0.0830076 -0.620984 -0.614284 -0.29609 -0.731427 
0.00578117 -0.123421 0.951277 -0.282559 0.779343 -0.0833511 -0.621029 -0.614322 -0.296858 -0.731084 
0.00578042 -0.122609 0.951736 -0.281364 0.777289 -0.0841875 -0.623486 -0.617081 -0.295146 -0.729452 
0.00577936 -0.123202 0.952333 -0.279075 0.780697 -0.0805992 -0.619691 -0.612645 -0.29422 -0.733553 
0.00577874 -0.123165 0.951946 -0.280408 0.779977 -0.0818416 -0.620434 -0.613569 -0.295128 -0.732416 
0.00577792 -0.122934 0.950782 -0.28443 0.779509 -0.0848704 -0.620615 -0.614209 -0.29801 -0.73071 
0.00577714 -0.123617 0.95111 -0.283033 0.777456 -0.0844195 -0.623245 -0.616669 -0.29709 -0.729011 
0.00577684 -0.124103 0.951142 -0.282714 0.781108 -0.0820659 -0.618979 -0.611938 -0.297648 -0.73276 
0.00577566 -0.125475 0.951399 -0.28124 0.778923 -0.081096 -0.621854 -0.614438 -0.297091 -0.730892 
0.00577459 -0.125656 0.950829 -0.283082 0.779478 -0.0818893 -0.621054 -0.613697 -0.298695 -0.730861 
0.0057739 -0.124629 0.951324 -0.28187 0.779319 -0.0819735 -0.621242 -0.614108 -0.297092 -0.731169 
0.00577311 -0.123665 0.950731 -0.284285 0.777744 -0.0850637 -0.622799 -0.616296 -0.29812 -0.728906 
0.00577156 -0.123705 0.952088 -0.279688 0.778518 -0.0816517 -0.622288 -0.61531 -0.294722 -0.731117 
0.00576982 -0.122871 0.952193 -0.279699 0.779676 -0.0817523 -0.620823 -0.614009 -0.294356 -0.732357 
0.00576814 -999999 -999999 -999999 -999999 -999999 -999999 -999999 -999999 -999999 
0.00576652 -999999 -999999 -999999 -999999 -999999 -999999 -999999 -999999 -999999 
0.00576524 -0.12298 0.955863 -0.266838 0.781807 -0.0723015 -0.619315 -0.611273 -0.284779 -0.738408 
0.00576415 -999999 -999999 -999999 -999999 -999999 -999999 -999999 -999999 -999999 
0.00576398 -0.125136 0.954375 -0.271125 0.785091 -0.0718312 -0.615202 -0.606609 -0.289841 -0.740282 
0.00576236 -999999 -999999 -999999 -999999 -999999 -999999 -999999 -999999 -999999 
0.00576133 -999999 -999999 -999999 -999999 -999999 -999999 -999999 -999999 -999999 
0.00576047 -999999 -999999 -999999 -999999 -999999 -999999 -999999 -999999 -999999 
0.0057588 -999999 -999999 -999999 -999999 -999999 -999999 -999999 -999999 -999999 
0.00575785 -999999 -999999 -999999 -999999 -999999 -999999 -999999 -999999 -999999 
0.00575666 -999999 -999999 -999999 -999999 -999999 -999999 -999999 -999999 -999999 
0.00575533 -999999 -999999 -999999 -999999 -999999 -999999 -999999 -999999 -999999 
0.0057544 -999999 -999999 -999999 -999999 -999999 -999999 -999999 -999999 -999999 
0.00575354 -999999 -999999 -999999 -999999 -999999 -999999 -999999 -999999 -999999 
0.00575216 -999999 -999999 -999999 -999999 -999999 -999999 -999999 -999999 -999999 
0.00575126 -999999 -999999 -999999 -999999 -999999 -999999 -999999 -999999 -999999 
0.00575026 -999999 -999999 -999999 -999999 -999999 -999999 -999999 -999999 -999999 
0.00574872 -999999 -999999 -999999 -999999 -999999 -999999 -999999 -999999 -999999 
0.00574766 -999999 -999999 -999999 -999999 -999999 -999999 -999999 -999999 -999999 
0.00574653 -999999 -999999 -999999 -999999 -999999 -999999 -999999 -999999 -999999 
0.00574467 -999999 -999999 -999999 -999999 -999999 -999999 -999999 -999999 -999999 
0.00574327 -999999 -999999 -999999 -999999 -999999 -999999 -999999 -999999 -999999 
0.00574206 -999999 -999999 -999999 -999999 -999999 -999999 -999999 -999999 -999999 
0.00574052 -999999 -999999 -999999 -999999 -999999 -999999 -999999 -999999 -999999 
0.00573926 -999999 -999999 -999999 -999999 -999999 -999999 -999999 -999999 -999999 
0.00573783 -999999 -999999 -999999 -999999 -999999 -999999 -999999 -999999 -999999 
0.00573699 -999999 -999999 -999999 -999999 -999999 -999999 -999999 -999999 -999999 
0.00573668 -0.126084 0.944815 -0.302369 0.816431 -0.0743113 -0.572642 -0.56351 -0.319064 -0.762007 
0.00573521 -999999 -999999 -999999 -999999 -999999 -999999 -999999 -999999 -999999 
0.00573408 -999999 -999999 -999999 -999999 -999999 -999999 -999999 -999999 -999999 
0.00573271 -999999 -999999 -999999 -999999 -999999 -999999 -999999 -999999 -999999 
0.00573166 -999999 -999999 -999999 -999999 -999999 -999999 -999999 -999999 -999999 
0.00573099 -0.105493 0.937425 -0.331821 0.887359 -0.0618736 -0.456909 -0.448849 -0.342645 -0.825305 
0.00573059 -0.0999302 0.933297 -0.34492 0.898229 -0.0645026 -0.434768 -0.428016 -0.353264 -0.831869 
0.00573022 -0.0951067 0.938585 -0.331682 0.912319 -0.0511269 -0.406277 -0.398283 -0.341239 -0.851426 
0.00572995 -0.0909305 0.92863 -0.359692 0.922016 -0.0579836 -0.382785 -0.376322 -0.366449 -0.850939 
0.00572973 -0.0835728 0.937309 -0.338332 0.938501 -0.0401084 -0.342939 -0.33501 -0.346185 -0.876313 
0.00572922 -0.0864786 0.939984 -0.330079 0.937035 -0.0357828 -0.347398 -0.338359 -0.339338 -0.877703 
0.00572868 -0.0866388 0.927407 -0.363881 0.93933 -0.0456374 -0.339965 -0.331893 -0.371258 -0.867188 
0.0057285 -0.0843051 0.937488 -0.337653 0.944612 -0.03267 -0.326558 -0.317176 -0.346481 -0.882808 
0.00572812 -0.0862172 0.93629 -0.340482 0.942618 -0.0339829 -0.33214 -0.32255 -0.34958 -0.879633 
0.00572695 -0.0840596 0.933368 -0.348938 0.948586 -0.0322837 -0.31487 -0.305155 -0.357466 -0.882666 
0.00573016 -0.0813116 0.93794 -0.337132 0.951607 -0.0275215 -0.306083 -0.296365 -0.345705 -0.890312 
0.00572973 -0.081317 0.939655 -0.332319 0.950572 -0.0271319 -0.309318 -0.299668 -0.341046 -0.891003 
0.00572906 -0.0794975 0.939774 -0.332422 0.948501 -0.0312677 -0.315226 -0.306635 -0.340362 -0.888892 
0.00572857 -0.0789792 0.940496 -0.3305 0.948949 -0.0306321 -0.313938 -0.305381 -0.338422 -0.890063 
0.00572857 -0.0780153 0.94219 -0.325872 0.947765 -0.0313107 -0.317428 -0.30928 -0.333614 -0.890532 
0.00572781 -0.0767415 0.941835 -0.327197 0.946156 -0.0347164 -0.321844 -0.314483 -0.334278 -0.888458 
0.00572736 -0.0758347 0.941182 -0.329281 0.947068 -0.0353256 -0.319084 -0.311948 -0.336049 -0.888684 
0.00572729 -0.0753675 0.942486 -0.325637 0.947587 -0.0339874 -0.317685 -0.310481 -0.332512 -0.890526 
0.00572625 -0.0749541 0.941114 -0.329676 0.947783 -0.0355367 -0.31693 -0.309983 -0.336216 -0.889308 
0.00572806 -0.0740431 0.941595 -0.328505 0.948584 -0.0351536 -0.314566 -0.307742 -0.334906 -0.89058 
0.00572803 -0.0729665 0.940803 -0.331006 0.947977 -0.0376913 -0.316099 -0.309863 -0.336851 -0.88911 
0.00573086 -0.0724653 0.94096 -0.330672 0.947532 -0.0385439 -0.317328 -0.311338 -0.336318 -0.888796 
0.00573066 -0.071373 0.941234 -0.330127 0.948764 -0.0380764 -0.313682 -0.307818 -0.335601 -0.890292 
0.00573001 -0.0691163 0.939911 -0.33435 0.950256 -0.0400031 -0.308891 -0.303705 -0.339067 -0.890391 
0.00572965 -0.0668405 0.937965 -0.340226 0.952868 -0.0411281 -0.300585 -0.295931 -0.344282 -0.891008 
0.00572944 -0.0631034 0.937105 -0.343295 0.955776 -0.0422594 -0.291045 -0.287247 -0.346479 -0.892996 
0.00572926 -0.0610106 0.934608 -0.350409 0.957828 -0.0439386 -0.283963 -0.28079 -0.352956 -0.892513 
0.00572905 -0.0588179 0.929631 -0.363768 0.962557 -0.04378 -0.267519 -0.26462 -0.365882 -0.892248 
0.00572891 -0.0547107 0.923784 -0.378984 0.965839 -0.0473247 -0.254785 -0.253302 -0.379977 -0.889638 
0.00572792 -999999 -999999 -999999 -999999 -999999 -999999 -999999 -999999 -999999 
0.00572681 -999999 -999999 -999999 -999999 -999999 -999999 -999999 -999999 -999999 
0.00572733 -999999 -999999 -999999 -999999 -999999 -999999 -999999 -999999 -999999 
0.00572968 -999999 -999999 -999999 -999999 -999999 -999999 -999999 -999999 -999999 
0.00572874 -999999 -999999 -999999 -999999 -999999 -999999 -999999 -999999 -999999 
0.00572744 -999999 -999999 -999999 -999999 -999999 -999999 -999999 -999999 -999999 
0.00572622 -999999 -999999 -999999 -999999 -999999 -999999 -999999 -999999 -999999 
0.00572561 -0.0214486 0.91143 -0.410896 0.967471 -0.0847003 -0.23838 -0.25207 -0.402643 -0.879966 
0.00572504 -0.0219252 0.91162 -0.410449 0.966553 -0.0856038 -0.241759 -0.255529 -0.402021 -0.879252 
0.00572493 -0.027351 0.908081 -0.4179 0.961791 -0.0900217 -0.258561 -0.272415 -0.409005 -0.870922 
0.00572483 -0.0244547 0.908139 -0.417954 0.964368 -0.088739 -0.24924 -0.263433 -0.409156 -0.87361 
0.0057246 -0.0265519 0.905205 -0.424146 0.960932 -0.0938255 -0.260396 -0.275507 -0.41449 -0.867349 
0.00572509 -0.0311881 0.906026 -0.422072 0.958512 -0.0925957 -0.269594 -0.283342 -0.412969 -0.865548 
0.00572516 -0.0339522 0.903997 -0.426189 0.956824 -0.0937726 -0.275128 -0.28868 -0.417129 -0.861782 
0.00572538 -0.0355934 0.903044 -0.428072 0.955839 -0.0942768 -0.278359 -0.291727 -0.419075 -0.859809 
0.00572521 -0.0394934 0.904029 -0.425644 0.953537 -0.0932309 -0.286488 -0.298677 -0.417181 -0.858343 
0.00572468 -0.0399663 0.899347 -0.435406 0.953773 -0.0955598 -0.28493 -0.297858 -0.426666 -0.853954 
0.00572412 -0.0426458 0.899888 -0.434032 0.95188 -0.0953681 -0.291256 -0.30349 -0.425567 -0.852518 
0.00572362 -0.0427384 0.89915 -0.435549 0.95221 -0.0953094 -0.290194 -0.30244 -0.427136 -0.852106 
0.00572369 -0.0460186 0.897581 -0.43844 0.951157 -0.0947504 -0.293807 -0.305258 -0.430546 -0.84938 
0.00572269 -0.0465376 0.898861 -0.435755 0.951437 -0.0930046 -0.293458 -0.304305 -0.42825 -0.850882 
0.00572265 -0.0478689 0.897825 -0.437743 0.94951 -0.0951387 -0.298965 -0.310065 -0.429952 -0.847939 
0.00572258 -0.0474584 0.899121 -0.435119 0.949332 -0.0948844 -0.299611 -0.310672 -0.427291 -0.849061 
0.00572442 -0.0469274 0.898457 -0.436546 0.949517 -0.0955872 -0.298799 -0.310186 -0.42853 -0.848615 
0.00572787 -0.0486349 0.899699 -0.433793 0.947981 -0.0952113 -0.303755 -0.31459 -0.426 -0.848267 
0.00572779 -0.0478937 0.899991 -0.433268 0.94799 -0.0956974 -0.303575 -0.314678 -0.425273 -0.848599 
0.00572829 -0.0471069 0.901206 -0.430824 0.947568 -0.0961543 -0.304746 -0.316064 -0.422591 -0.849424 
0.00572837 -0.047462 0.90054 -0.432175 0.947713 -0.0960935 -0.304313 -0.315575 -0.424021 -0.848893 
0.00572848 -0.0466578 0.900505 -0.432335 0.948102 -0.0963552 -0.303016 -0.314526 -0.424036 -0.849275 
0.00572811 -0.044875 0.901959 -0.429485 0.948191 -0.0968969 -0.302565 -0.314517 -0.420811 -0.85088 
0.00572764 -0.0452131 0.899524 -0.434526 0.945728 -0.101575 -0.308677 -0.321799 -0.4249 -0.846112 
0.00572744 -0.0445863 0.901612 -0.430241 0.94501 -0.101605 -0.310856 -0.323987 -0.420443 -0.847503 
0.00572716 -0.0433671 0.898877 -0.43605 0.944759 -0.105035 -0.31048 -0.324883 -0.425427 -0.844667 
0.00572635 -0.0453158 0.900284 -0.432938 0.941569 -0.106302 -0.319606 -0.333758 -0.422124 -0.842862 
0.00572623 -0.0437203 0.899127 -0.435499 0.939691 -0.111003 -0.323512 -0.33922 -0.423378 -0.840048 
0.00572624 -0.0431266 0.898036 -0.437803 0.939859 -0.112149 -0.322626 -0.338829 -0.425387 -0.839191 
0.00572616 -0.0449734 0.898866 -0.43591 0.936455 -0.114025 -0.331739 -0.347894 -0.42313 -0.836619 
0.00572603 -0.042044 0.8987 -0.436545 0.935584 -0.117906 -0.332836 -0.350591 -0.422418 -0.835852 
0.00572611 -0.0433242 0.901116 -0.431407 0.93386 -0.116913 -0.33799 -0.355005 -0.417517 -0.836451 
0.00572644 -0.0440202 0.901452 -0.430634 0.931175 -0.119128 -0.344559 -0.361904 -0.416164 -0.834166 
0.00572659 -0.038928 0.903054 -0.427759 0.932485 -0.121013 -0.340334 -0.359104 -0.412128 -0.837374 
0.00572634 -0.0410493 0.900344 -0.433238 0.929334 -0.124841 -0.347495 -0.366951 -0.416887 -0.831596 
0.00572648 -0.0396653 0.904177 -0.425312 0.928844 -0.123541 -0.349264 -0.36834 -0.408902 -0.83494 
0.00572602 -0.0401302 0.90218 -0.429488 0.926567 -0.12728 -0.353939 -0.373982 -0.412154 -0.830823 
0.00572596 -0.0399374 0.903825 -0.426034 0.924379 -0.128466 -0.359193 -0.379378 -0.408162 -0.830347 
0.00572616 -0.0389092 0.906647 -0.420091 0.92275 -0.128719 -0.363269 -0.38343 -0.401773 -0.8316 
0.00572629 -0.04113 0.905483 -0.422384 0.917948 -0.132695 -0.37385 -0.394563 -0.403103 -0.825729 
0.00572629 -0.0383848 0.910261 -0.412253 0.919799 -0.129041 -0.370566 -0.390509 -0.393414 -0.832303 
0.00572611 -0.0370153 0.903661 -0.426645 0.919485 -0.13641 -0.368699 -0.391378 -0.405941 -0.825854 
0.00572598 -0.0368808 0.907665 -0.418072 0.915705 -0.136826 -0.377841 -0.400156 -0.396765 -0.826107 
0.00572587 -0.0328318 0.906311 -0.421334 0.918621 -0.138726 -0.369988 -0.393774 -0.399194 -0.828001 
0.00572567 -0.0316704 0.908652 -0.416352 0.916613 -0.139686 -0.374577 -0.398519 -0.393496 -0.828459 
0.00572549 -0.0293977 0.907176 -0.419723 0.917247 -0.142389 -0.371999 -0.397233 -0.395926 -0.827918 
0.00572538 -0.0257775 0.910931 -0.411754 0.919075 -0.140429 -0.368212 -0.393238 -0.387924 -0.833594 
0.00572534 -0.0265186 0.909605 -0.414627 0.917586 -0.142429 -0.371147 -0.396653 -0.390298 -0.830863 
0.00572503 -0.0253421 0.908624 -0.416845 0.91817 -0.143761 -0.369185 -0.395376 -0.39209 -0.830628 
0.00572475 -0.0252615 0.910885 -0.411886 0.918072 -0.141911 -0.370142 -0.395608 -0.387491 -0.832673 
0.00572442 -0.0256651 0.909556 -0.414787 0.916886 -0.143911 -0.372304 -0.398324 -0.389868 -0.830266 
0.00572386 -0.0269714 0.911099 -0.411303 0.91531 -0.142892 -0.37655 -0.401846 -0.386626 -0.830084 
0.00572397 -0.0288579 0.910487 -0.41253 0.91354 -0.14349 -0.380598 -0.405723 -0.387846 -0.827625 
0.00572384 -0.029974 0.910976 -0.411369 0.913709 -0.141891 -0.380793 -0.405263 -0.387286 -0.828114 
0.00572361 -0.0317716 0.910356 -0.412604 0.912494 -0.142033 -0.383642 -0.407854 -0.388688 -0.826182 
0.00572322 -0.0318952 0.911407 -0.410267 0.911772 -0.141626 -0.385505 -0.409456 -0.386366 -0.826479 
0.005723 -0.0322887 0.912477 -0.407853 0.9113 -0.140711 -0.386953 -0.410475 -0.384171 -0.826997 
0.00572449 -0.0320332 0.911449 -0.410164 0.911841 -0.141399 -0.385425 -0.409292 -0.386351 -0.826567 
0.00572742 -0.0302288 0.912226 -0.408572 0.912695 -0.141464 -0.383375 -0.407523 -0.38449 -0.828307 
0.00572725 -0.0310731 0.910791 -0.411696 0.9127 -0.142052 -0.383146 -0.407448 -0.387661 -0.826865 
0.00572681 -0.032883 0.912446 -0.407875 0.912388 -0.13919 -0.384934 -0.408004 -0.384798 -0.827927 
0.00572677 -0.0370784 0.909406 -0.414254 0.9114 -0.139241 -0.387249 -0.409848 -0.391909 -0.82367 
0.00572662 -0.039524 0.908801 -0.415353 0.911357 -0.137656 -0.387917 -0.409715 -0.393867 -0.822802 
0.005726 -0.0412051 0.907039 -0.419025 0.912257 -0.136907 -0.386062 -0.407541 -0.398167 -0.821811 
0.0057259 -0.0421435 0.902649 -0.428309 0.915115 -0.137177 -0.379139 -0.400984 -0.407931 -0.820247 
0.00572534 -0.0405366 0.90742 -0.418266 0.916053 -0.133413 -0.378216 -0.399003 -0.398486 -0.825837 
0.00572435 -0.0435575 0.901411 -0.430767 0.915872 -0.136217 -0.377654 -0.399099 -0.410978 -0.819644 
0.00572394 -0.0456475 0.902953 -0.427308 0.915463 -0.133385 -0.379653 -0.399805 -0.408515 -0.820531 
0.00572386 -0.0482327 0.90572 -0.421124 0.915367 -0.128643 -0.381515 -0.399721 -0.403885 -0.822861 
0.00572343 -0.0491597 0.905808 -0.420827 0.915411 -0.127669 -0.381736 -0.399506 -0.403996 -0.822911 
0.00572412 -0.0512075 0.904477 -0.423438 0.915697 -0.1267 -0.381373 -0.398593 -0.40727 -0.821739 
0.00572417 -0.0534462 0.904242 -0.423662 0.914787 -0.125777 -0.383854 -0.400384 -0.408076 -0.820467 
0.00572327 -0.0564253 0.907531 -0.416176 0.913638 -0.12115 -0.388056 -0.402593 -0.402131 -0.82232 
0.00572277 -0.0600278 0.9079 -0.414866 0.911632 -0.119432 -0.393272 -0.4066 -0.401813 -0.820502 
0.00572227 -0.0669793 0.914263 -0.399547 0.911031 -0.107253 -0.398144 -0.406861 -0.390667 -0.825738 
0.00572123 -0.068256 0.90799 -0.413396 0.909256 -0.113921 -0.400345 -0.410603 -0.403208 -0.817819 
0.00572065 -0.0707407 0.913856 -0.399829 0.906506 -0.108358 -0.40805 -0.416223 -0.391313 -0.820751 
0.00572032 -0.0717703 0.912998 -0.401602 0.906422 -0.108323 -0.408247 -0.416231 -0.393321 -0.819786 
0.00571975 -0.0739775 0.926797 -0.368205 0.900935 -0.0962016 -0.423156 -0.427602 -0.363033 -0.827867 
0.00571887 -0.0756975 0.922356 -0.378852 0.902961 -0.0977713 -0.418453 -0.423003 -0.373765 -0.82545 
0.0057177 -999999 -999999 -999999 -999999 -999999 -999999 -999999 -999999 -999999 
0.00571645 -999999 -999999 -999999 -999999 -999999 -999999 -999999 -999999 -999999 
0.00571591 -0.0805808 0.927963 -0.363856 0.908169 -0.0820862 -0.410476 -0.410774 -0.363519 -0.836133 
0.00571577 -0.0844189 0.933518 -0.34845 0.903292 -0.075927 -0.422254 -0.420638 -0.350398 -0.83683 
0.00571559 -0.0791972 0.943095 -0.322955 0.895543 -0.0749945 -0.43861 -0.437871 -0.323957 -0.838642 
0.00571547 -0.0792499 0.945893 -0.314653 0.892157 -0.0735161 -0.445702 -0.444719 -0.316042 -0.838059 
0.00571503 -0.0775807 0.948417 -0.307386 0.894454 -0.0699743 -0.441651 -0.440379 -0.309206 -0.842887 
0.00571442 -0.0757057 0.951066 -0.299569 0.895416 -0.0673499 -0.440107 -0.438747 -0.301557 -0.846501 
0.0057138 -0.0751854 0.952708 -0.29444 0.895438 -0.0654277 -0.440352 -0.438792 -0.296761 -0.848171 
0.00571344 -0.0729294 0.955441 -0.286032 0.89385 -0.0645997 -0.443689 -0.442396 -0.288027 -0.849309 
0.00571407 -0.0736405 0.956671 -0.281705 0.893809 -0.0619826 -0.444143 -0.442359 -0.284498 -0.850517 
0.00571701 -0.0729476 0.956923 -0.281029 0.895296 -0.0613303 -0.441229 -0.439458 -0.283791 -0.852256 
0.00571703 -0.0732035 0.957127 -0.280267 0.895816 -0.0604145 -0.440299 -0.438354 -0.283299 -0.852987 
0.00571605 -0.0727651 0.956856 -0.281305 0.895524 -0.0614734 -0.440747 -0.439024 -0.283986 -0.852414 
0.00571469 -0.0724906 0.957999 -0.277458 0.897206 -0.0588692 -0.437671 -0.435622 -0.280664 -0.855255 
0.00571425 -0.072867 0.957467 -0.27919 0.895269 -0.0605724 -0.44139 -0.439527 -0.282113 -0.852777 
0.00571408 -0.0714994 0.956372 -0.283266 0.897119 -0.0624683 -0.437351 -0.435965 -0.285393 -0.853513 
0.00571354 -0.0701168 0.958126 -0.27763 0.897402 -0.0609491 -0.436985 -0.435608 -0.279785 -0.85555 
0.00571335 -0.0680256 0.956748 -0.282851 0.899054 -0.0641226 -0.433118 -0.432522 -0.283762 -0.855806 
0.00571272 -0.0672071 0.958331 -0.277642 0.899593 -0.0621508 -0.432284 -0.431527 -0.278817 -0.857931 
0.00571195 -0.0661988 0.95718 -0.281824 0.89972 -0.0648581 -0.431622 -0.431418 -0.282136 -0.8569 
0.00571297 -0.0656034 0.958582 -0.277157 0.897285 -0.0648454 -0.436664 -0.436551 -0.277336 -0.855867 
0.00571261 -0.0659127 0.958698 -0.276684 0.898113 -0.0638264 -0.435108 -0.434796 -0.277173 -0.856812 
0.00571174 -0.0667637 0.959211 -0.274694 0.899379 -0.061356 -0.432843 -0.432042 -0.275952 -0.858598 
0.00571103 -0.0684281 0.9587 -0.276066 0.897795 -0.0614979 -0.4361 -0.435066 -0.277692 -0.856507 
0.0057105 -0.0706389 0.958869 -0.274919 0.900124 -0.0574978 -0.431823 -0.429869 -0.277965 -0.859039 
0.00571128 -0.0712457 0.958075 -0.277517 0.899361 -0.058619 -0.43326 -0.431363 -0.280456 -0.857479 
0.00571091 -0.0712554 0.95786 -0.278256 0.900729 -0.0580492 -0.430484 -0.428496 -0.281308 -0.858637 
0.00571091 -0.070714 0.959038 -0.274309 0.899847 -0.0573338 -0.432421 -0.430435 -0.277415 -0.858933 
0.00571567 -0.070437 0.958336 -0.276823 0.901924 -0.0573606 -0.428069 -0.426113 -0.279825 -0.860306 
0.00571686 -0.0677357 0.960696 -0.269212 0.900343 -0.0574026 -0.431378 -0.429876 -0.271603 -0.861068 
0.00571972 -0.0665098 0.964224 -0.256611 0.899261 -0.0535065 -0.434128 -0.432327 -0.259634 -0.86353 
0.00571974 -0.0642516 0.965687 -0.251634 0.897965 -0.0540564 -0.436734 -0.435351 -0.254019 -0.86368 
0.00571921 -0.0640392 0.968091 -0.242277 0.893352 -0.0525894 -0.44627 -0.444771 -0.245018 -0.861479 
0.00571902 -0.0667282 0.965238 -0.252713 0.900866 -0.0506001 -0.431139 -0.428939 -0.25643 -0.866173 
0.00571759 -999999 -999999 -999999 -999999 -999999 -999999 -999999 -999999 -999999 
0.00571731 -0.0667113 0.963995 -0.257417 0.908123 -0.0482184 -0.415918 -0.413355 -0.261513 -0.872209 
0.00571728 -0.0671897 0.964763 -0.254397 0.90977 -0.045443 -0.412618 -0.409639 -0.259167 -0.874659 
0.00571709 -0.0684512 0.963638 -0.258294 0.913946 -0.0432399 -0.403526 -0.400022 -0.263688 -0.877753 
0.00571718 -0.0707377 0.962357 -0.262421 0.921835 -0.0374348 -0.38577 -0.381072 -0.269197 -0.884487 
0.00571708 -0.0724339 0.960669 -0.268083 0.924474 -0.0362041 -0.379522 -0.374301 -0.275326 -0.885491 
0.00571691 -0.0729824 0.959093 -0.273522 0.928766 -0.0345744 -0.369052 -0.363412 -0.280972 -0.888249 
0.00571796 -0.0724422 0.958456 -0.275887 0.933173 -0.0325044 -0.357955 -0.352051 -0.283382 -0.892051 
0.00571787 -0.0721652 0.955806 -0.285003 0.934702 -0.0348991 -0.353714 -0.348029 -0.291919 -0.890876 
0.00571755 -0.0729056 0.956497 -0.282486 0.936863 -0.0314498 -0.348279 -0.342012 -0.290043 -0.893814 
0.00572015 -0.0721357 0.956757 -0.281803 0.935325 -0.0332246 -0.352226 -0.346357 -0.288986 -0.892482 
0.00571924 -999999 -999999 -999999 -999999 -999999 -999999 -999999 -999999 -999999 
0.00571912 -0.0766749 0.955134 -0.286077 0.939423 -0.026931 -0.341701 -0.334075 -0.294947 -0.89521 
0.00571974 -0.0820805 0.959663 -0.268905 0.946452 -0.00947364 -0.322705 -0.312235 -0.280993 -0.907498 
0.00572067 -999999 -999999 -999999 -999999 -999999 -999999 -999999 -999999 -999999 
0.00572067 -0.0858438 0.949303 -0.302414 0.949081 -0.0144285 -0.3147 -0.303109 -0.314031 -0.899727 
0.00572518 -0.0864596 0.947964 -0.306414 0.95057 -0.0135739 -0.310213 -0.29823 -0.318089 -0.899933 
0.00572596 -0.087734 0.947384 -0.307842 0.952114 -0.0111106 -0.305542 -0.292886 -0.319907 -0.901042 
0.00572505 -0.0887028 0.946032 -0.311697 0.950992 -0.0126276 -0.308959 -0.296221 -0.323827 -0.898548 
0.00572461 -0.0886818 0.947536 -0.307102 0.9512 -0.0109239 -0.308382 -0.295558 -0.319464 -0.900327 
0.00572414 -0.0893789 0.946344 -0.310554 0.951661 -0.0108516 -0.30696 -0.29386 -0.322978 -0.899629 
0.00572314 -0.0897236 0.946228 -0.31081 0.949782 -0.0126389 -0.312658 -0.299774 -0.323254 -0.897576 
0.00572294 -0.0904671 0.94691 -0.308508 0.949319 -0.0116376 -0.314099 -0.301014 -0.321288 -0.897867 
0.00572277 -0.0898396 0.947793 -0.305968 0.949542 -0.0111805 -0.313442 -0.300499 -0.318689 -0.898965 
0.00572173 -0.091086 0.948622 -0.303017 0.949161 -0.00937084 -0.314651 -0.301325 -0.316272 -0.899542 
0.0057213 -0.0933751 0.950011 -0.297928 0.948329 -0.00627392 -0.317226 -0.303238 -0.312155 -0.900337 
0.00572207 -0.0941107 0.951143 -0.294057 0.947338 -0.00525692 -0.320192 -0.306094 -0.308705 -0.90056 
0.00572646 -0.0942743 0.950416 -0.296348 0.948058 -0.00513244 -0.318056 -0.303807 -0.31094 -0.900565 
0.00572655 -0.0931929 0.950818 -0.295398 0.946945 -0.00701329 -0.321319 -0.307587 -0.309671 -0.899719 
0.00572609 -0.0934786 0.951529 -0.29301 0.946284 -0.00658316 -0.32327 -0.30953 -0.307489 -0.899801 
0.00572548 -0.097196 0.949997 -0.296746 0.945509 -0.0049563 -0.325559 -0.31075 -0.312219 -0.897749 
0.00572541 -0.0962689 0.950992 -0.293846 0.946728 -0.00366175 -0.322014 -0.307309 -0.309192 -0.899978 
0.00572611 -0.0979962 0.951927 -0.290226 0.943552 -0.00384324 -0.331201 -0.316395 -0.306299 -0.897817 
0.00572537 -0.100405 0.949795 -0.296325 0.943497 -0.0036412 -0.331361 -0.315804 -0.312852 -0.895763 
0.00572484 -0.103763 0.953708 -0.282268 0.941566 0.00275457 -0.336817 -0.320448 -0.300723 -0.898264 
0.00572447 -0.107302 0.951637 -0.287876 0.940487 0.00324952 -0.339814 -0.322444 -0.307207 -0.895351 
0.00572421 -0.111131 0.954263 -0.277546 0.940343 0.0106027 -0.340064 -0.321568 -0.29878 -0.898513 
0.00572452 -0.118771 0.951135 -0.28502 0.938672 0.0139717 -0.344529 -0.323711 -0.30846 -0.894463 
0.00572469 -0.122708 0.952297 -0.279415 0.937433 0.0187852 -0.347659 -0.325826 -0.304593 -0.89502 
0.00572498 -0.127009 0.952749 -0.27593 0.935097 0.02222 -0.353696 -0.330852 -0.302943 -0.893735 
0.00572517 -0.129974 0.9531 -0.273326 0.932168 0.0235187 -0.361262 -0.33789 -0.30174 -0.891506 
0.0057257 -0.130308 0.952263 -0.27607 0.930935 0.0217064 -0.364538 -0.341144 -0.304506 -0.889324 
0.00572606 -0.128315 0.952992 -0.274485 0.929202 0.018804 -0.369094 -0.346582 -0.302413 -0.887935 
0.0057258 -0.127261 0.952193 -0.277727 0.928345 0.0157513 -0.371386 -0.349256 -0.30509 -0.885969 
0.00572514 -0.125687 0.954554 -0.270241 0.931372 0.0197155 -0.363535 -0.341686 -0.297386 -0.891523 
0.00572468 -0.125274 0.953711 -0.27339 0.931436 0.0181621 -0.363451 -0.341662 -0.300176 -0.890596 
0.00572506 -0.122502 0.954691 -0.271218 0.931034 0.0158918 -0.364586 -0.343757 -0.297176 -0.890796 
0.00572537 -0.122475 0.956047 -0.266409 0.931175 0.0178195 -0.364138 -0.343385 -0.292671 -0.892429 
0.00572577 -0.122311 0.954376 -0.272408 0.931807 0.0159199 -0.362605 -0.341725 -0.298183 -0.891242 
0.00572617 -0.121228 0.956435 -0.265586 0.933153 0.0185884 -0.358999 -0.338423 -0.291353 -0.894753 
0.00572717 -0.123213 0.952483 -0.27856 0.931443 0.0141505 -0.363612 -0.342392 -0.304264 -0.888927 
0.00572776 -0.12076 0.955733 -0.268312 0.933055 0.0170157 -0.359332 -0.33886 -0.293743 -0.893806 
0.0057282 -0.12016 0.95632 -0.266483 0.931426 0.0157157 -0.363591 -0.343521 -0.291898 -0.89263 
0.00572791 -0.118956 0.956467 -0.266498 0.930828 0.0140151 -0.36519 -0.345557 -0.291505 -0.891973 
0.00572708 -0.119728 0.957475 -0.262501 0.930826 0.0163 -0.365098 -0.345294 -0.288055 -0.893194 
0.00572677 -0.119758 0.956529 -0.265915 0.930678 0.014903 -0.365534 -0.345681 -0.291257 -0.892006 
0.0057275 -0.118308 0.958093 -0.260885 0.933106 0.01742 -0.359179 -0.339582 -0.285927 -0.896063 
0.00572742 -0.118435 0.957699 -0.262269 0.932757 0.0167309 -0.360118 -0.340497 -0.287284 -0.895282 
0.00572767 -0.116744 0.956369 -0.267824 0.933938 0.0139855 -0.357162 -0.337833 -0.291828 -0.894822 
0.00572823 -0.115361 0.957981 -0.262611 0.935001 0.0154679 -0.354306 -0.335357 -0.286415 -0.897498 
0.00572828 -0.115672 0.957861 -0.26291 0.934937 0.0156102 -0.35447 -0.335429 -0.286807 -0.897346 
0.0057286 -0.114845 0.957149 -0.265852 0.935293 0.0140092 -0.353597 -0.33472 -0.289258 -0.896823 
0.00572886 -0.114469 0.959593 -0.257057 0.935434 0.0169998 -0.353093 -0.334455 -0.280878 -0.899582 
0.00572867 -0.116211 0.957974 -0.262259 0.934823 0.016287 -0.354741 -0.335561 -0.286391 -0.897429 
0.00572798 -0.117774 0.959254 -0.256827 0.934499 0.0195738 -0.355426 -0.335917 -0.281865 -0.898728 
0.00572769 -0.119626 0.957022 -0.264195 0.935211 0.019295 -0.353564 -0.333271 -0.289373 -0.897326 
0.00573024 -0.118644 0.958498 -0.259241 0.936178 0.0209749 -0.350901 -0.3309 -0.284328 -0.899813 
0.005733 -0.120079 0.958283 -0.259375 0.935068 0.0214026 -0.353822 -0.33351 -0.28502 -0.89863 
0.00573354 -0.120527 0.957796 -0.260959 0.934201 0.0205202 -0.356156 -0.33577 -0.286715 -0.897248 
0.00573373 -0.121392 0.958693 -0.257238 0.934333 0.0228754 -0.355665 -0.33509 -0.283521 -0.898516 
0.00573397 -0.122876 0.958611 -0.256839 0.93331 0.0236356 -0.358294 -0.337394 -0.283735 -0.897585 
0.00573464 -0.122857 0.959936 -0.251853 0.9298 0.0226153 -0.36737 -0.346956 -0.279306 -0.895326 
0.00573493 -0.125719 0.957606 -0.2592 0.930509 0.0232216 -0.365532 -0.344016 -0.287143 -0.893981 
0.00573486 -0.12493 0.960242 -0.249654 0.928673 0.0246046 -0.370082 -0.349226 -0.278081 -0.894825 
0.00573453 -0.125623 0.958772 -0.254901 0.92948 0.023922 -0.368097 -0.346824 -0.283167 -0.894164 
0.00573409 -0.124191 0.960411 -0.249375 0.93169 0.0264059 -0.362294 -0.341366 -0.277334 -0.898084 
0.00573364 -0.123096 0.959826 -0.252154 0.928585 0.0217614 -0.370481 -0.35011 -0.279751 -0.893959 
0.00573271 -0.123248 0.960014 -0.251364 0.930834 0.0240234 -0.364653 -0.344033 -0.278921 -0.896574 
0.00573317 -0.123239 0.961388 -0.246058 0.930053 0.0254085 -0.366546 -0.346141 -0.274019 -0.897273 
0.00573417 -0.121984 0.959258 -0.254841 0.928534 0.0195872 -0.37073 -0.350634 -0.281852 -0.893093 
0.00573436 -0.120603 0.962689 -0.242251 0.928991 0.0234354 -0.369361 -0.349902 -0.269595 -0.897155 
0.00573517 -0.121633 0.961156 -0.24776 0.928629 0.0220501 -0.370354 -0.350505 -0.275124 -0.895239 
0.00573589 -0.122635 0.963233 -0.239047 0.927898 0.0258321 -0.371939 -0.352088 -0.267424 -0.896949 
0.00573897 -0.1251 0.962033 -0.242574 0.928563 0.027413 -0.37016 -0.349457 -0.271553 -0.896738 
0.00574126 -0.123457 0.962685 -0.240823 0.927028 0.0252914 -0.374137 -0.354086 -0.26944 -0.895559 
0.0057416 -0.123136 0.961859 -0.244266 0.924731 0.0218831 -0.379992 -0.360153 -0.272671 -0.892155 
0.00574136 -0.12484 0.961851 -0.243429 0.927915 0.0263236 -0.371861 -0.351267 -0.272305 -0.895802 
0.00574119 -0.124088 0.963761 -0.236152 0.927123 0.0277969 -0.373725 -0.353617 -0.265317 -0.896974 
0.00574172 -0.124046 0.962842 -0.239891 0.927513 0.0266018 -0.372842 -0.352607 -0.268752 -0.896349 
0.00574246 -0.123637 0.963771 -0.236345 0.928878 0.0286027 -0.369279 -0.34914 -0.265192 -0.898763 
0.00574334 -0.120551 0.963911 -0.237368 0.926582 0.0234477 -0.375361 -0.356249 -0.265191 -0.895969 
0.00574445 -0.121153 0.963763 -0.237662 0.925345 0.0230038 -0.378428 -0.359248 -0.265766 -0.8946 
0.00574534 -0.119794 0.964306 -0.236143 0.925354 0.0222788 -0.37845 -0.35968 -0.263852 -0.894993 
0.00574586 -999999 -999999 -999999 -999999 -999999 -999999 -999999 -999999 -999999 
0.00574775 -0.12059 0.964929 -0.233173 0.92323 0.0226877 -0.383578 -0.364836 -0.261527 -0.893587 
0.0057475 -0.122238 0.965756 -0.228851 0.92356 0.0262448 -0.382554 -0.363448 -0.25812 -0.895142 
0.00574695 -0.121786 0.966332 -0.226652 0.922612 0.0260098 -0.384852 -0.366 -0.255981 -0.894717 
0.00574621 -999999 -999999 -999999 -999999 -999999 -999999 -999999 -999999 -999999 
0.00574834 -0.122483 0.96728 -0.222186 0.92191 0.0279826 -0.386393 -0.367533 -0.252162 -0.895172 
0.00575075 -0.12306 0.967437 -0.221181 0.923016 0.0297058 -0.383614 -0.364552 -0.251361 -0.896616 
